0 4012 0 0 0 0 0 0 0 0 0 0 0 0 0 0 0
1 12032 2 2 0 0 0 0 0 0 0 0 0 0 0 0 0
2 12032 2 2 0 0 0 0 0 0 0 0 0 0 0 0 0
3 12032 2 2 0 0 0 0 0 0 0 0 0 0 0 0 0
4 12030 3 3 0 0 0 0 0 0 0 0 0 0 0 0 0
5 12030 3 3 0 0 0 0 0 0 0 0 0 0 0 0 0
6 12026 5 5 0 0 0 0 0 0 0 0 0 0 0 0 0
7 12024 6 6 0 0 0 0 0 0 0 0 0 0 0 0 0
8 12022 7 7 0 0 0 0 0 0 0 0 0 0 0 0 0
9 12022 7 7 0 0 0 0 0 0 0 0 0 0 0 0 0
10 12022 7 7 0 0 0 0 0 0 0 0 0 0 0 0 0
11 12022 7 7 0 0 0 0 0 0 0 0 0 0 0 0 0
12 12018 9 9 0 0 0 0 0 0 0 0 0 0 0 0 0
13 12014 11 11 0 0 0 0 0 0 0 0 0 0 0 0 0
14 12012 12 12 0 0 0 0 0 0 0 0 0 0 0 0 0
15 12010 13 13 0 0 0 0 0 0 0 0 0 0 0 0 0
16 12008 14 14 0 0 0 0 0 0 0 0 0 0 0 0 0
17 12006 15 15 0 0 0 0 0 0 0 0 0 0 0 0 0
18 12002 17 17 0 0 0 0 0 0 0 0 0 0 0 0 0
19 12002 17 17 0 0 0 0 0 0 0 0 0 0 0 0 0
20 12000 18 18 0 0 0 0 0 0 0 0 0 0 0 0 0
21 12000 18 18 0 0 0 0 0 0 0 0 0 0 0 0 0
22 11998 19 19 0 0 0 0 0 0 0 0 0 0 0 0 0
23 11996 20 20 0 0 0 0 0 0 0 0 0 0 0 0 0
24 11992 22 22 0 0 0 0 0 0 0 0 0 0 0 0 0
25 11988 24 24 0 0 0 0 0 0 0 0 0 0 0 0 0
26 11986 25 25 0 0 0 0 0 0 0 0 0 0 0 0 0
27 11984 26 26 0 0 0 0 0 0 0 0 0 0 0 0 0
28 11980 28 28 0 0 0 0 0 0 0 0 0 0 0 0 0
29 11980 28 28 0 0 0 0 0 0 0 0 0 0 0 0 0
30 11978 29 29 0 0 0 0 0 0 0 0 0 0 0 0 0
31 11978 29 29 0 0 0 0 0 0 0 0 0 0 0 0 0
32 11978 29 29 0 0 0 0 0 0 0 0 0 0 0 0 0
33 11974 31 31 0 0 0 0 0 0 0 0 0 0 0 0 0
34 11972 32 32 0 0 0 0 0 0 0 0 0 0 0 0 0
35 11970 33 33 0 0 0 0 0 0 0 0 0 0 0 0 0
36 11970 33 33 0 0 0 0 0 0 0 0 0 0 0 0 0
37 11970 33 33 0 0 0 0 0 0 0 0 0 0 0 0 0
38 11966 35 35 0 0 0 0 0 0 0 0 0 0 0 0 0
39 11966 35 35 0 0 0 0 0 0 0 0 0 0 0 0 0
40 11968 34 34 0 0 0 0 0 0 0 0 0 0 0 0 0
41 11966 35 35 0 0 0 0 0 0 0 0 0 0 0 0 0
42 11964 36 36 0 0 0 0 0 0 0 0 0 0 0 0 0
43 11964 36 36 0 0 0 0 0 0 0 0 0 0 0 0 0
44 11962 37 37 0 0 0 0 0 0 0 0 0 0 0 0 0
45 11962 37 37 0 0 0 0 0 0 0 0 0 0 0 0 0
46 11962 37 37 0 0 0 0 0 0 0 0 0 0 0 0 0
47 11958 39 39 0 0 0 0 0 0 0 0 0 0 0 0 0
48 11956 40 40 0 0 0 0 0 0 0 0 0 0 0 0 0
49 11950 43 43 0 0 0 0 0 0 0 0 0 0 0 0 0
50 11946 45 45 0 0 0 0 0 0 0 0 0 0 0 0 0
51 11946 45 45 0 0 0 0 0 0 0 0 0 0 0 0 0
52 11946 45 45 0 0 0 0 0 0 0 0 0 0 0 0 0
53 11942 47 47 0 0 0 0 0 0 0 0 0 0 0 0 0
54 11940 48 48 0 0 0 0 0 0 0 0 0 0 0 0 0
55 11938 49 49 0 0 0 0 0 0 0 0 0 0 0 0 0
56 11938 49 49 0 0 0 0 0 0 0 0 0 0 0 0 0
57 11936 50 50 0 0 0 0 0 0 0 0 0 0 0 0 0
58 11930 53 53 0 0 0 0 0 0 0 0 0 0 0 0 0
59 11926 55 55 0 0 0 0 0 0 0 0 0 0 0 0 0
60 11926 55 55 0 0 0 0 0 0 0 0 0 0 0 0 0
61 11928 54 54 0 0 0 0 0 0 0 0 0 0 0 0 0
62 11930 53 53 0 0 0 0 0 0 0 0 0 0 0 0 0
63 11928 54 54 0 0 0 0 0 0 0 0 0 0 0 0 0
64 11928 54 54 0 0 0 0 0 0 0 0 0 0 0 0 0
65 11926 55 55 0 0 0 0 0 0 0 0 0 0 0 0 0
66 11924 56 56 0 0 0 0 0 0 0 0 0 0 0 0 0
67 11926 55 55 0 0 0 0 0 0 0 0 0 0 0 0 0
68 11926 55 55 0 0 0 0 0 0 0 0 0 0 0 0 0
69 11924 56 56 0 0 0 0 0 0 0 0 0 0 0 0 0
70 11920 58 58 0 0 0 0 0 0 0 0 0 0 0 0 0
71 11922 57 57 0 0 0 0 0 0 0 0 0 0 0 0 0
72 11922 57 57 0 0 0 0 0 0 0 0 0 0 0 0 0
73 11918 59 59 0 0 0 0 0 0 0 0 0 0 0 0 0
74 11912 62 62 0 0 0 0 0 0 0 0 0 0 0 0 0
75 11908 64 64 0 0 0 0 0 0 0 0 0 0 0 0 0
76 11908 64 64 0 0 0 0 0 0 0 0 0 0 0 0 0
77 11906 65 65 0 0 0 0 0 0 0 0 0 0 0 0 0
78 11904 66 66 0 0 0 0 0 0 0 0 0 0 0 0 0
79 11904 66 66 0 0 0 0 0 0 0 0 0 0 0 0 0
80 11902 67 67 0 0 0 0 0 0 0 0 0 0 0 0 0
81 11904 66 66 0 0 0 0 0 0 0 0 0 0 0 0 0
82 11904 66 66 0 0 0 0 0 0 0 0 0 0 0 0 0
83 11902 67 67 0 0 0 0 0 0 0 0 0 0 0 0 0
84 11896 70 70 0 0 0 0 0 0 0 0 0 0 0 0 0
85 11896 70 70 0 0 0 0 0 0 0 0 0 0 0 0 0
86 11890 73 73 0 0 0 0 0 0 0 0 0 0 0 0 0
87 11890 73 73 0 0 0 0 0 0 0 0 0 0 0 0 0
88 11888 74 74 0 0 0 0 0 0 0 0 0 0 0 0 0
89 11886 75 75 0 0 0 0 0 0 0 0 0 0 0 0 0
90 11882 77 77 0 0 0 0 0 0 0 0 0 0 0 0 0
91 11882 77 77 0 0 0 0 0 0 0 0 0 0 0 0 0
92 11882 77 77 0 0 0 0 0 0 0 0 0 0 0 0 0
93 11882 77 77 0 0 0 0 0 0 0 0 0 0 0 0 0
94 11876 80 80 0 0 0 0 0 0 0 0 0 0 0 0 0
95 11876 80 80 0 0 0 0 0 0 0 0 0 0 0 0 0
96 11872 82 82 0 0 0 0 0 0 0 0 0 0 0 0 0
97 11874 81 81 0 0 0 0 0 0 0 0 0 0 0 0 0
98 11874 81 81 0 0 0 0 0 0 0 0 0 0 0 0 0
99 11876 80 80 0 0 0 0 0 0 0 0 0 0 0 0 0
100 11868 84 84 0 0 0 0 0 0 0 0 0 0 0 0 0
101 11866 85 85 0 0 0 0 0 0 0 0 0 0 0 0 0
102 11864 86 86 0 0 0 0 0 0 0 0 0 0 0 0 0
103 11866 85 85 0 0 0 0 0 0 0 0 0 0 0 0 0
104 11864 86 86 0 0 0 0 0 0 0 0 0 0 0 0 0
105 11864 86 86 0 0 0 0 0 0 0 0 0 0 0 0 0
106 11864 86 86 0 0 0 0 0 0 0 0 0 0 0 0 0
107 11864 86 86 0 0 0 0 0 0 0 0 0 0 0 0 0
108 11858 89 89 0 0 0 0 0 0 0 0 0 0 0 0 0
109 11856 90 90 0 0 0 0 0 0 0 0 0 0 0 0 0
110 11856 90 90 0 0 0 0 0 0 0 0 0 0 0 0 0
111 11856 90 90 0 0 0 0 0 0 0 0 0 0 0 0 0
112 11854 91 91 0 0 0 0 0 0 0 0 0 0 0 0 0
113 11854 91 91 0 0 0 0 0 0 0 0 0 0 0 0 0
114 11852 92 92 0 0 0 0 0 0 0 0 0 0 0 0 0
115 11852 92 92 0 0 0 0 0 0 0 0 0 0 0 0 0
116 11848 94 94 0 0 0 0 0 0 0 0 0 0 0 0 0
117 11848 94 94 0 0 0 0 0 0 0 0 0 0 0 0 0
118 11848 94 94 0 0 0 0 0 0 0 0 0 0 0 0 0
119 11848 94 94 0 0 0 0 0 0 0 0 0 0 0 0 0
120 11846 95 95 0 0 0 0 0 0 0 0 0 0 0 0 0
121 11848 94 94 0 0 0 0 0 0 0 0 0 0 0 0 0
122 11848 94 94 0 0 0 0 0 0 0 0 0 0 0 0 0
123 11846 95 95 0 0 0 0 0 0 0 0 0 0 0 0 0
124 11846 95 95 0 0 0 0 0 0 0 0 0 0 0 0 0
125 11842 97 97 0 0 0 0 0 0 0 0 0 0 0 0 0
126 11838 99 99 0 0 0 0 0 0 0 0 0 0 0 0 0
127 11836 100 100 0 0 0 0 0 0 0 0 0 0 0 0 0
128 11836 100 100 0 0 0 0 0 0 0 0 0 0 0 0 0
129 11834 101 101 0 0 0 0 0 0 0 0 0 0 0 0 0
130 11834 101 101 0 0 0 0 0 0 0 0 0 0 0 0 0
131 11832 102 102 0 0 0 0 0 0 0 0 0 0 0 0 0
132 11830 103 103 0 0 0 0 0 0 0 0 0 0 0 0 0
133 11826 105 105 0 0 0 0 0 0 0 0 0 0 0 0 0
134 11826 105 105 0 0 0 0 0 0 0 0 0 0 0 0 0
135 11821 107 107 1 0 0 0 0 0 0 0 0 0 0 0 0
136 11823 106 106 1 0 0 0 0 0 0 0 0 0 0 0 0
137 11819 108 108 1 0 0 0 0 0 0 0 0 0 0 0 0
138 11815 110 110 1 0 0 0 0 0 0 0 0 0 0 0 0
139 11813 111 111 1 0 0 0 0 0 0 0 0 0 0 0 0
140 11809 113 113 1 0 0 0 0 0 0 0 0 0 0 0 0
141 11805 115 115 1 0 0 0 0 0 0 0 0 0 0 0 0
142 11805 115 115 1 0 0 0 0 0 0 0 0 0 0 0 0
143 11807 114 114 1 0 0 0 0 0 0 0 0 0 0 0 0
144 11811 112 112 1 0 0 0 0 0 0 0 0 0 0 0 0
145 11809 113 113 1 0 0 0 0 0 0 0 0 0 0 0 0
146 11803 116 116 1 0 0 0 0 0 0 0 0 0 0 0 0
147 11805 115 115 1 0 0 0 0 0 0 0 0 0 0 0 0
148 11797 119 119 1 0 0 0 0 0 0 0 0 0 0 0 0
149 11797 119 119 1 0 0 0 0 0 0 0 0 0 0 0 0
150 11795 120 120 1 0 0 0 0 0 0 0 0 0 0 0 0
151 11791 122 122 1 0 0 0 0 0 0 0 0 0 0 0 0
152 11791 122 122 1 0 0 0 0 0 0 0 0 0 0 0 0
153 11791 122 122 1 0 0 0 0 0 0 0 0 0 0 0 0
154 11787 124 124 1 0 0 0 0 0 0 0 0 0 0 0 0
155 11781 127 127 1 0 0 0 0 0 0 0 0 0 0 0 0
156 11773 131 131 1 0 0 0 0 0 0 0 0 0 0 0 0
157 11769 133 133 1 0 0 0 0 0 0 0 0 0 0 0 0
158 11751 142 142 1 0 0 0 0 0 0 0 0 0 0 0 0
159 11751 142 142 1 0 0 0 0 0 0 0 0 0 0 0 0
160 11753 141 141 1 0 0 0 0 0 0 0 0 0 0 0 0
161 11747 144 144 1 0 0 0 0 0 0 0 0 0 0 0 0
162 11741 147 147 1 0 0 0 0 0 0 0 0 0 0 0 0
163 11735 150 150 1 0 0 0 0 0 0 0 0 0 0 0 0
164 11733 151 151 1 0 0 0 0 0 0 0 0 0 0 0 0
165 11729 153 153 1 0 0 0 0 0 0 0 0 0 0 0 0
166 11727 154 154 1 0 0 0 0 0 0 0 0 0 0 0 0
167 11723 156 156 1 0 0 0 0 0 0 0 0 0 0 0 0
168 11714 160 160 2 0 0 0 0 0 0 0 0 0 0 0 0
169 11710 162 162 2 0 0 0 0 0 0 0 0 0 0 0 0
170 11700 167 167 2 0 0 0 0 0 0 0 0 0 0 0 0
171 11702 166 166 2 0 0 0 0 0 0 0 0 0 0 0 0
172 11698 168 168 2 0 0 0 0 0 0 0 0 0 0 0 0
173 11690 172 172 2 0 0 0 0 0 0 0 0 0 0 0 0
174 11685 174 174 3 0 0 0 0 0 0 0 0 0 0 0 0
175 11671 181 181 3 0 0 0 0 0 0 0 0 0 0 0 0
176 11665 184 184 3 0 0 0 0 0 0 0 0 0 0 0 0
177 11655 189 189 3 0 0 0 0 0 0 0 0 0 0 0 0
178 11642 195 195 4 0 0 0 0 0 0 0 0 0 0 0 0
179 11640 196 196 4 0 0 0 0 0 0 0 0 0 0 0 0
180 11636 198 198 4 0 0 0 0 0 0 0 0 0 0 0 0
181 11630 201 201 4 0 0 0 0 0 0 0 0 0 0 0 0
182 11621 205 205 5 0 0 0 0 0 0 0 0 0 0 0 0
183 11621 205 205 5 0 0 0 0 0 0 0 0 0 0 0 0
184 11611 210 209 4 0 0 1 0 0 0 0 1 0 0 0 0
185 11603 214 213 4 0 0 1 0 0 0 0 1 0 0 0 0
