0 4012 0 0 0 0 0 0 0 0 0 0 0 0 0 0 0
1 12028 4 4 0 0 0 0 0 0 0 0 0 0 0 0 0
2 12028 4 4 0 0 0 0 0 0 0 0 0 0 0 0 0
3 12028 4 4 0 0 0 0 0 0 0 0 0 0 0 0 0
4 12024 6 6 0 0 0 0 0 0 0 0 0 0 0 0 0
5 12024 6 6 0 0 0 0 0 0 0 0 0 0 0 0 0
6 12022 7 7 0 0 0 0 0 0 0 0 0 0 0 0 0
7 12018 9 9 0 0 0 0 0 0 0 0 0 0 0 0 0
8 12018 9 9 0 0 0 0 0 0 0 0 0 0 0 0 0
9 12014 11 11 0 0 0 0 0 0 0 0 0 0 0 0 0
10 12012 12 12 0 0 0 0 0 0 0 0 0 0 0 0 0
11 12012 12 12 0 0 0 0 0 0 0 0 0 0 0 0 0
12 12012 12 12 0 0 0 0 0 0 0 0 0 0 0 0 0
13 12014 11 11 0 0 0 0 0 0 0 0 0 0 0 0 0
14 12008 14 14 0 0 0 0 0 0 0 0 0 0 0 0 0
15 12004 16 16 0 0 0 0 0 0 0 0 0 0 0 0 0
16 12002 17 17 0 0 0 0 0 0 0 0 0 0 0 0 0
17 11998 19 19 0 0 0 0 0 0 0 0 0 0 0 0 0
18 11992 22 22 0 0 0 0 0 0 0 0 0 0 0 0 0
19 11990 23 23 0 0 0 0 0 0 0 0 0 0 0 0 0
20 11986 25 25 0 0 0 0 0 0 0 0 0 0 0 0 0
21 11984 26 26 0 0 0 0 0 0 0 0 0 0 0 0 0
22 11978 29 29 0 0 0 0 0 0 0 0 0 0 0 0 0
23 11978 29 29 0 0 0 0 0 0 0 0 0 0 0 0 0
24 11978 29 29 0 0 0 0 0 0 0 0 0 0 0 0 0
25 11978 29 29 0 0 0 0 0 0 0 0 0 0 0 0 0
26 11972 32 32 0 0 0 0 0 0 0 0 0 0 0 0 0
27 11974 31 31 0 0 0 0 0 0 0 0 0 0 0 0 0
28 11974 31 31 0 0 0 0 0 0 0 0 0 0 0 0 0
29 11970 33 33 0 0 0 0 0 0 0 0 0 0 0 0 0
30 11968 34 34 0 0 0 0 0 0 0 0 0 0 0 0 0
31 11968 34 34 0 0 0 0 0 0 0 0 0 0 0 0 0
32 11968 34 34 0 0 0 0 0 0 0 0 0 0 0 0 0
33 11968 34 34 0 0 0 0 0 0 0 0 0 0 0 0 0
34 11964 36 36 0 0 0 0 0 0 0 0 0 0 0 0 0
35 11964 36 36 0 0 0 0 0 0 0 0 0 0 0 0 0
36 11958 39 39 0 0 0 0 0 0 0 0 0 0 0 0 0
37 11956 40 40 0 0 0 0 0 0 0 0 0 0 0 0 0
38 11956 40 40 0 0 0 0 0 0 0 0 0 0 0 0 0
39 11954 41 41 0 0 0 0 0 0 0 0 0 0 0 0 0
40 11952 42 42 0 0 0 0 0 0 0 0 0 0 0 0 0
41 11950 43 43 0 0 0 0 0 0 0 0 0 0 0 0 0
42 11944 46 46 0 0 0 0 0 0 0 0 0 0 0 0 0
43 11944 46 46 0 0 0 0 0 0 0 0 0 0 0 0 0
44 11944 46 46 0 0 0 0 0 0 0 0 0 0 0 0 0
45 11936 50 50 0 0 0 0 0 0 0 0 0 0 0 0 0
46 11936 50 50 0 0 0 0 0 0 0 0 0 0 0 0 0
47 11936 50 50 0 0 0 0 0 0 0 0 0 0 0 0 0
48 11936 50 50 0 0 0 0 0 0 0 0 0 0 0 0 0
49 11936 50 50 0 0 0 0 0 0 0 0 0 0 0 0 0
50 11934 51 51 0 0 0 0 0 0 0 0 0 0 0 0 0
51 11934 51 51 0 0 0 0 0 0 0 0 0 0 0 0 0
52 11932 52 52 0 0 0 0 0 0 0 0 0 0 0 0 0
53 11924 56 56 0 0 0 0 0 0 0 0 0 0 0 0 0
54 11918 59 59 0 0 0 0 0 0 0 0 0 0 0 0 0
55 11920 58 58 0 0 0 0 0 0 0 0 0 0 0 0 0
56 11920 58 58 0 0 0 0 0 0 0 0 0 0 0 0 0
57 11916 60 60 0 0 0 0 0 0 0 0 0 0 0 0 0
58 11916 60 60 0 0 0 0 0 0 0 0 0 0 0 0 0
59 11916 60 60 0 0 0 0 0 0 0 0 0 0 0 0 0
60 11914 61 61 0 0 0 0 0 0 0 0 0 0 0 0 0
61 11910 63 63 0 0 0 0 0 0 0 0 0 0 0 0 0
62 11910 63 63 0 0 0 0 0 0 0 0 0 0 0 0 0
63 11910 63 63 0 0 0 0 0 0 0 0 0 0 0 0 0
64 11906 65 65 0 0 0 0 0 0 0 0 0 0 0 0 0
65 11904 66 66 0 0 0 0 0 0 0 0 0 0 0 0 0
66 11902 67 67 0 0 0 0 0 0 0 0 0 0 0 0 0
67 11900 68 68 0 0 0 0 0 0 0 0 0 0 0 0 0
68 11898 69 69 0 0 0 0 0 0 0 0 0 0 0 0 0
69 11896 70 70 0 0 0 0 0 0 0 0 0 0 0 0 0
70 11892 72 72 0 0 0 0 0 0 0 0 0 0 0 0 0
71 11886 75 75 0 0 0 0 0 0 0 0 0 0 0 0 0
72 11884 76 76 0 0 0 0 0 0 0 0 0 0 0 0 0
73 11884 76 76 0 0 0 0 0 0 0 0 0 0 0 0 0
74 11884 76 76 0 0 0 0 0 0 0 0 0 0 0 0 0
75 11884 76 76 0 0 0 0 0 0 0 0 0 0 0 0 0
76 11880 78 78 0 0 0 0 0 0 0 0 0 0 0 0 0
77 11878 79 79 0 0 0 0 0 0 0 0 0 0 0 0 0
78 11876 80 80 0 0 0 0 0 0 0 0 0 0 0 0 0
79 11872 82 82 0 0 0 0 0 0 0 0 0 0 0 0 0
80 11872 82 82 0 0 0 0 0 0 0 0 0 0 0 0 0
81 11864 86 86 0 0 0 0 0 0 0 0 0 0 0 0 0
82 11864 86 86 0 0 0 0 0 0 0 0 0 0 0 0 0
83 11862 87 87 0 0 0 0 0 0 0 0 0 0 0 0 0
84 11860 88 88 0 0 0 0 0 0 0 0 0 0 0 0 0
85 11864 86 86 0 0 0 0 0 0 0 0 0 0 0 0 0
86 11864 86 86 0 0 0 0 0 0 0 0 0 0 0 0 0
87 11860 88 88 0 0 0 0 0 0 0 0 0 0 0 0 0
88 11866 85 85 0 0 0 0 0 0 0 0 0 0 0 0 0
89 11866 85 85 0 0 0 0 0 0 0 0 0 0 0 0 0
90 11866 85 85 0 0 0 0 0 0 0 0 0 0 0 0 0
91 11864 86 86 0 0 0 0 0 0 0 0 0 0 0 0 0
92 11862 87 87 0 0 0 0 0 0 0 0 0 0 0 0 0
93 11862 87 87 0 0 0 0 0 0 0 0 0 0 0 0 0
94 11860 88 88 0 0 0 0 0 0 0 0 0 0 0 0 0
95 11854 91 91 0 0 0 0 0 0 0 0 0 0 0 0 0
96 11854 91 91 0 0 0 0 0 0 0 0 0 0 0 0 0
97 11852 92 92 0 0 0 0 0 0 0 0 0 0 0 0 0
98 11850 93 93 0 0 0 0 0 0 0 0 0 0 0 0 0
99 11848 94 94 0 0 0 0 0 0 0 0 0 0 0 0 0
100 11846 95 95 0 0 0 0 0 0 0 0 0 0 0 0 0
101 11844 96 96 0 0 0 0 0 0 0 0 0 0 0 0 0
102 11844 96 96 0 0 0 0 0 0 0 0 0 0 0 0 0
103 11844 96 96 0 0 0 0 0 0 0 0 0 0 0 0 0
104 11842 97 97 0 0 0 0 0 0 0 0 0 0 0 0 0
105 11840 98 98 0 0 0 0 0 0 0 0 0 0 0 0 0
106 11838 99 99 0 0 0 0 0 0 0 0 0 0 0 0 0
107 11836 100 100 0 0 0 0 0 0 0 0 0 0 0 0 0
108 11834 101 101 0 0 0 0 0 0 0 0 0 0 0 0 0
109 11833 101 101 1 0 0 0 0 0 0 0 0 0 0 0 0
110 11829 103 103 1 0 0 0 0 0 0 0 0 0 0 0 0
111 11825 105 105 1 0 0 0 0 0 0 0 0 0 0 0 0
112 11827 104 104 1 0 0 0 0 0 0 0 0 0 0 0 0
113 11823 106 106 1 0 0 0 0 0 0 0 0 0 0 0 0
114 11821 107 107 1 0 0 0 0 0 0 0 0 0 0 0 0
115 11821 107 107 1 0 0 0 0 0 0 0 0 0 0 0 0
116 11821 107 107 1 0 0 0 0 0 0 0 0 0 0 0 0
117 11821 107 107 1 0 0 0 0 0 0 0 0 0 0 0 0
118 11819 108 108 1 0 0 0 0 0 0 0 0 0 0 0 0
119 11821 107 107 1 0 0 0 0 0 0 0 0 0 0 0 0
120 11821 107 107 1 0 0 0 0 0 0 0 0 0 0 0 0
121 11821 107 107 1 0 0 0 0 0 0 0 0 0 0 0 0
122 11821 107 107 1 0 0 0 0 0 0 0 0 0 0 0 0
123 11819 108 108 1 0 0 0 0 0 0 0 0 0 0 0 0
124 11819 108 108 1 0 0 0 0 0 0 0 0 0 0 0 0
125 11813 111 111 1 0 0 0 0 0 0 0 0 0 0 0 0
126 11813 111 111 1 0 0 0 0 0 0 0 0 0 0 0 0
127 11813 111 111 1 0 0 0 0 0 0 0 0 0 0 0 0
128 11809 113 113 1 0 0 0 0 0 0 0 0 0 0 0 0
129 11809 113 113 1 0 0 0 0 0 0 0 0 0 0 0 0
130 11807 114 114 1 0 0 0 0 0 0 0 0 0 0 0 0
131 11803 116 116 1 0 0 0 0 0 0 0 0 0 0 0 0
132 11803 116 116 1 0 0 0 0 0 0 0 0 0 0 0 0
133 11803 116 116 1 0 0 0 0 0 0 0 0 0 0 0 0
134 11801 117 117 1 0 0 0 0 0 0 0 0 0 0 0 0
135 11799 118 118 1 0 0 0 0 0 0 0 0 0 0 0 0
136 11799 118 118 1 0 0 0 0 0 0 0 0 0 0 0 0
137 11797 119 119 1 0 0 0 0 0 0 0 0 0 0 0 0
138 11795 120 120 1 0 0 0 0 0 0 0 0 0 0 0 0
139 11793 121 121 1 0 0 0 0 0 0 0 0 0 0 0 0
140 11791 122 122 1 0 0 0 0 0 0 0 0 0 0 0 0
141 11787 124 124 1 0 0 0 0 0 0 0 0 0 0 0 0
142 11787 124 124 1 0 0 0 0 0 0 0 0 0 0 0 0
143 11783 126 126 1 0 0 0 0 0 0 0 0 0 0 0 0
144 11777 129 129 1 0 0 0 0 0 0 0 0 0 0 0 0
145 11775 130 130 1 0 0 0 0 0 0 0 0 0 0 0 0
146 11773 131 131 1 0 0 0 0 0 0 0 0 0 0 0 0
147 11771 132 132 1 0 0 0 0 0 0 0 0 0 0 0 0
148 11769 133 133 1 0 0 0 0 0 0 0 0 0 0 0 0
149 11761 137 137 1 0 0 0 0 0 0 0 0 0 0 0 0
150 11763 135 135 3 0 0 0 0 0 0 0 0 0 0 0 0
151 11761 136 136 3 0 0 0 0 0 0 0 0 0 0 0 0
152 11759 137 137 3 0 0 0 0 0 0 0 0 0 0 0 0
153 11750 141 141 4 0 0 0 0 0 0 0 0 0 0 0 0
154 11742 145 145 4 0 0 0 0 0 0 0 0 0 0 0 0
155 11740 146 146 4 0 0 0 0 0 0 0 0 0 0 0 0
