0 6018 0 0 0 0 0 0 0 0 0 0 0 0 0 0 0
1 12026 5 5 0 0 0 0 0 0 0 0 0 0 0 0 0
2 12020 8 8 0 0 0 0 0 0 0 0 0 0 0 0 0
3 12018 9 9 0 0 0 0 0 0 0 0 0 0 0 0 0
4 12018 9 9 0 0 0 0 0 0 0 0 0 0 0 0 0
5 12016 10 10 0 0 0 0 0 0 0 0 0 0 0 0 0
6 12014 11 11 0 0 0 0 0 0 0 0 0 0 0 0 0
7 12014 11 11 0 0 0 0 0 0 0 0 0 0 0 0 0
8 12012 12 12 0 0 0 0 0 0 0 0 0 0 0 0 0
9 12006 15 15 0 0 0 0 0 0 0 0 0 0 0 0 0
10 12004 16 16 0 0 0 0 0 0 0 0 0 0 0 0 0
11 12002 17 17 0 0 0 0 0 0 0 0 0 0 0 0 0
12 12002 17 17 0 0 0 0 0 0 0 0 0 0 0 0 0
13 11998 19 19 0 0 0 0 0 0 0 0 0 0 0 0 0
14 11996 20 20 0 0 0 0 0 0 0 0 0 0 0 0 0
15 11996 20 20 0 0 0 0 0 0 0 0 0 0 0 0 0
16 11996 20 20 0 0 0 0 0 0 0 0 0 0 0 0 0
17 11994 21 21 0 0 0 0 0 0 0 0 0 0 0 0 0
18 11992 22 22 0 0 0 0 0 0 0 0 0 0 0 0 0
19 11992 22 22 0 0 0 0 0 0 0 0 0 0 0 0 0
20 11990 23 23 0 0 0 0 0 0 0 0 0 0 0 0 0
21 11990 23 23 0 0 0 0 0 0 0 0 0 0 0 0 0
22 11990 23 23 0 0 0 0 0 0 0 0 0 0 0 0 0
23 11988 24 24 0 0 0 0 0 0 0 0 0 0 0 0 0
24 11984 26 26 0 0 0 0 0 0 0 0 0 0 0 0 0
25 11982 27 27 0 0 0 0 0 0 0 0 0 0 0 0 0
26 11984 26 26 0 0 0 0 0 0 0 0 0 0 0 0 0
27 11980 28 28 0 0 0 0 0 0 0 0 0 0 0 0 0
28 11980 28 28 0 0 0 0 0 0 0 0 0 0 0 0 0
29 11980 28 28 0 0 0 0 0 0 0 0 0 0 0 0 0
30 11982 27 27 0 0 0 0 0 0 0 0 0 0 0 0 0
31 11980 28 28 0 0 0 0 0 0 0 0 0 0 0 0 0
32 11980 28 28 0 0 0 0 0 0 0 0 0 0 0 0 0
33 11972 32 32 0 0 0 0 0 0 0 0 0 0 0 0 0
34 11974 31 31 0 0 0 0 0 0 0 0 0 0 0 0 0
35 11972 32 32 0 0 0 0 0 0 0 0 0 0 0 0 0
36 11970 33 33 0 0 0 0 0 0 0 0 0 0 0 0 0
37 11970 33 33 0 0 0 0 0 0 0 0 0 0 0 0 0
38 11966 35 35 0 0 0 0 0 0 0 0 0 0 0 0 0
39 11966 35 35 0 0 0 0 0 0 0 0 0 0 0 0 0
40 11962 37 37 0 0 0 0 0 0 0 0 0 0 0 0 0
41 11960 38 38 0 0 0 0 0 0 0 0 0 0 0 0 0
42 11958 39 39 0 0 0 0 0 0 0 0 0 0 0 0 0
43 11956 40 40 0 0 0 0 0 0 0 0 0 0 0 0 0
44 11952 42 42 0 0 0 0 0 0 0 0 0 0 0 0 0
45 11948 44 44 0 0 0 0 0 0 0 0 0 0 0 0 0
46 11942 47 47 0 0 0 0 0 0 0 0 0 0 0 0 0
47 11942 47 47 0 0 0 0 0 0 0 0 0 0 0 0 0
48 11938 49 49 0 0 0 0 0 0 0 0 0 0 0 0 0
49 11936 50 50 0 0 0 0 0 0 0 0 0 0 0 0 0
50 11936 50 50 0 0 0 0 0 0 0 0 0 0 0 0 0
51 11936 50 50 0 0 0 0 0 0 0 0 0 0 0 0 0
52 11930 53 53 0 0 0 0 0 0 0 0 0 0 0 0 0
53 11930 53 53 0 0 0 0 0 0 0 0 0 0 0 0 0
54 11926 55 55 0 0 0 0 0 0 0 0 0 0 0 0 0
55 11924 56 56 0 0 0 0 0 0 0 0 0 0 0 0 0
56 11920 58 58 0 0 0 0 0 0 0 0 0 0 0 0 0
57 11920 58 58 0 0 0 0 0 0 0 0 0 0 0 0 0
58 11922 57 57 0 0 0 0 0 0 0 0 0 0 0 0 0
59 11918 59 59 0 0 0 0 0 0 0 0 0 0 0 0 0
60 11916 60 60 0 0 0 0 0 0 0 0 0 0 0 0 0
61 11916 60 60 0 0 0 0 0 0 0 0 0 0 0 0 0
62 11914 61 61 0 0 0 0 0 0 0 0 0 0 0 0 0
63 11914 61 61 0 0 0 0 0 0 0 0 0 0 0 0 0
64 11908 64 64 0 0 0 0 0 0 0 0 0 0 0 0 0
65 11908 64 64 0 0 0 0 0 0 0 0 0 0 0 0 0
66 11908 64 64 0 0 0 0 0 0 0 0 0 0 0 0 0
67 11908 64 64 0 0 0 0 0 0 0 0 0 0 0 0 0
68 11908 63 63 2 0 0 0 0 0 0 0 0 0 0 0 0
69 11904 65 65 2 0 0 0 0 0 0 0 0 0 0 0 0
70 11900 67 67 2 0 0 0 0 0 0 0 0 0 0 0 0
71 11898 68 68 2 0 0 0 0 0 0 0 0 0 0 0 0
72 11898 68 68 2 0 0 0 0 0 0 0 0 0 0 0 0
73 11896 69 69 2 0 0 0 0 0 0 0 0 0 0 0 0
74 11894 70 70 2 0 0 0 0 0 0 0 0 0 0 0 0
75 11890 72 72 2 0 0 0 0 0 0 0 0 0 0 0 0
76 11888 73 73 2 0 0 0 0 0 0 0 0 0 0 0 0
77 11886 74 74 2 0 0 0 0 0 0 0 0 0 0 0 0
78 11876 79 79 2 0 0 0 0 0 0 0 0 0 0 0 0
79 11874 80 80 2 0 0 0 0 0 0 0 0 0 0 0 0
80 11874 80 80 2 0 0 0 0 0 0 0 0 0 0 0 0
81 11876 79 79 2 0 0 0 0 0 0 0 0 0 0 0 0
82 11874 80 80 2 0 0 0 0 0 0 0 0 0 0 0 0
83 11874 80 80 2 0 0 0 0 0 0 0 0 0 0 0 0
84 11876 79 79 2 0 0 0 0 0 0 0 0 0 0 0 0
85 11876 78 78 4 0 0 0 0 0 0 0 0 0 0 0 0
86 11876 78 78 4 0 0 0 0 0 0 0 0 0 0 0 0
87 11872 80 80 4 0 0 0 0 0 0 0 0 0 0 0 0
88 11870 81 81 4 0 0 0 0 0 0 0 0 0 0 0 0
89 11872 80 80 4 0 0 0 0 0 0 0 0 0 0 0 0
90 11870 81 81 4 0 0 0 0 0 0 0 0 0 0 0 0
91 11870 81 81 4 0 0 0 0 0 0 0 0 0 0 0 0
92 11864 84 84 4 0 0 0 0 0 0 0 0 0 0 0 0
93 11860 86 86 4 0 0 0 0 0 0 0 0 0 0 0 0
94 11858 87 87 4 0 0 0 0 0 0 0 0 0 0 0 0
95 11852 90 90 4 0 0 0 0 0 0 0 0 0 0 0 0
96 11854 89 89 4 0 0 0 0 0 0 0 0 0 0 0 0
97 11854 89 89 4 0 0 0 0 0 0 0 0 0 0 0 0
98 11850 91 91 4 0 0 0 0 0 0 0 0 0 0 0 0
99 11846 93 93 4 0 0 0 0 0 0 0 0 0 0 0 0
100 11844 94 94 4 0 0 0 0 0 0 0 0 0 0 0 0
101 11844 94 94 4 0 0 0 0 0 0 0 0 0 0 0 0
102 11842 95 95 4 0 0 0 0 0 0 0 0 0 0 0 0
103 11840 96 96 4 0 0 0 0 0 0 0 0 0 0 0 0
104 11836 98 98 4 0 0 0 0 0 0 0 0 0 0 0 0
105 11836 98 98 4 0 0 0 0 0 0 0 0 0 0 0 0
106 11836 98 98 4 0 0 0 0 0 0 0 0 0 0 0 0
107 11838 97 97 4 0 0 0 0 0 0 0 0 0 0 0 0
108 11836 98 98 4 0 0 0 0 0 0 0 0 0 0 0 0
109 11830 101 101 4 0 0 0 0 0 0 0 0 0 0 0 0
110 11830 101 101 4 0 0 0 0 0 0 0 0 0 0 0 0
111 11828 102 102 4 0 0 0 0 0 0 0 0 0 0 0 0
112 11828 102 102 4 0 0 0 0 0 0 0 0 0 0 0 0
113 11830 101 101 4 0 0 0 0 0 0 0 0 0 0 0 0
114 11830 101 101 4 0 0 0 0 0 0 0 0 0 0 0 0
115 11824 104 104 4 0 0 0 0 0 0 0 0 0 0 0 0
116 11824 104 104 4 0 0 0 0 0 0 0 0 0 0 0 0
117 11822 105 105 4 0 0 0 0 0 0 0 0 0 0 0 0
118 11820 106 106 4 0 0 0 0 0 0 0 0 0 0 0 0
119 11824 104 104 4 0 0 0 0 0 0 0 0 0 0 0 0
120 11824 104 104 4 0 0 0 0 0 0 0 0 0 0 0 0
121 11820 106 106 4 0 0 0 0 0 0 0 0 0 0 0 0
122 11818 107 107 4 0 0 0 0 0 0 0 0 0 0 0 0
123 11820 106 106 4 0 0 0 0 0 0 0 0 0 0 0 0
124 11818 107 107 4 0 0 0 0 0 0 0 0 0 0 0 0
125 11814 109 109 4 0 0 0 0 0 0 0 0 0 0 0 0
126 11816 109 109 2 0 0 0 0 0 0 0 0 0 0 0 0
127 11816 109 109 2 0 0 0 0 0 0 0 0 0 0 0 0
128 11818 108 108 2 0 0 0 0 0 0 0 0 0 0 0 0
129 11814 110 110 2 0 0 0 0 0 0 0 0 0 0 0 0
130 11812 111 111 2 0 0 0 0 0 0 0 0 0 0 0 0
131 11812 111 111 2 0 0 0 0 0 0 0 0 0 0 0 0
132 11804 115 115 2 0 0 0 0 0 0 0 0 0 0 0 0
133 11794 120 120 2 0 0 0 0 0 0 0 0 0 0 0 0
134 11790 122 122 2 0 0 0 0 0 0 0 0 0 0 0 0
135 11784 125 125 2 0 0 0 0 0 0 0 0 0 0 0 0
136 11780 127 127 2 0 0 0 0 0 0 0 0 0 0 0 0
137 11778 128 128 2 0 0 0 0 0 0 0 0 0 0 0 0
138 11778 128 128 2 0 0 0 0 0 0 0 0 0 0 0 0
139 11776 129 129 2 0 0 0 0 0 0 0 0 0 0 0 0
140 11778 128 128 2 0 0 0 0 0 0 0 0 0 0 0 0
141 11778 128 128 2 0 0 0 0 0 0 0 0 0 0 0 0
142 11768 133 133 2 0 0 0 0 0 0 0 0 0 0 0 0
143 11766 134 134 2 0 0 0 0 0 0 0 0 0 0 0 0
144 11762 136 136 2 0 0 0 0 0 0 0 0 0 0 0 0
145 11752 141 141 2 0 0 0 0 0 0 0 0 0 0 0 0
146 11738 148 148 2 0 0 0 0 0 0 0 0 0 0 0 0
147 11724 155 155 2 0 0 0 0 0 0 0 0 0 0 0 0
148 11712 161 161 2 0 0 0 0 0 0 0 0 0 0 0 0
149 11708 163 163 2 0 0 0 0 0 0 0 0 0 0 0 0
150 11704 165 165 2 0 0 0 0 0 0 0 0 0 0 0 0
151 11692 171 171 2 0 0 0 0 0 0 0 0 0 0 0 0
152 11680 177 177 2 0 0 0 0 0 0 0 0 0 0 0 0
153 11672 180 180 4 0 0 0 0 0 0 0 0 0 0 0 0
154 11662 185 185 4 0 0 0 0 0 0 0 0 0 0 0 0
155 11652 190 190 4 0 0 0 0 0 0 0 0 0 0 0 0
156 11628 202 202 4 0 0 0 0 0 0 0 0 0 0 0 0
157 11622 205 205 4 0 0 0 0 0 0 0 0 0 0 0 0
158 11600 216 216 4 0 0 0 0 0 0 0 0 0 0 0 0
159 11568 232 232 4 0 0 0 0 0 0 0 0 0 0 0 0
160 11558 237 237 4 0 0 0 0 0 0 0 0 0 0 0 0
161 11546 243 243 4 0 0 0 0 0 0 0 0 0 0 0 0
162 11536 248 248 4 0 0 0 0 0 0 0 0 0 0 0 0
163 11510 261 261 4 0 0 0 0 0 0 0 0 0 0 0 0
164 11506 263 263 4 0 0 0 0 0 0 0 0 0 0 0 0
165 11488 272 272 4 0 0 0 0 0 0 0 0 0 0 0 0
166 11464 283 283 6 0 0 0 0 0 0 0 0 0 0 0 0
167 11442 294 294 6 0 0 0 0 0 0 0 0 0 0 0 0
168 11420 304 304 8 0 0 0 0 0 0 0 0 0 0 0 0
169 11404 312 312 8 0 0 0 0 0 0 0 0 0 0 0 0
170 11386 321 321 8 0 0 0 0 0 0 0 0 0 0 0 0
171 11370 329 329 8 0 0 0 0 0 0 0 0 0 0 0 0
172 11352 338 338 8 0 0 0 0 0 0 0 0 0 0 0 0
173 11338 345 345 8 0 0 0 0 0 0 0 0 0 0 0 0
174 11310 359 359 8 0 0 0 0 0 0 0 0 0 0 0 0
175 11288 370 370 8 0 0 0 0 0 0 0 0 0 0 0 0
176 11282 373 373 8 0 0 0 0 0 0 0 0 0 0 0 0
177 11262 383 383 8 0 0 0 0 0 0 0 0 0 0 0 0
178 11238 395 395 8 0 0 0 0 0 0 0 0 0 0 0 0
179 11222 404 404 6 0 0 0 0 0 0 0 0 0 0 0 0
180 11202 414 414 6 0 0 0 0 0 0 0 0 0 0 0 0
181 11174 428 428 6 0 0 0 0 0 0 0 0 0 0 0 0
182 11160 434 434 8 0 0 0 0 0 0 0 0 0 0 0 0
183 11150 438 438 10 0 0 0 0 0 0 0 0 0 0 0 0
184 11136 445 445 10 0 0 0 0 0 0 0 0 0 0 0 0
185 11126 450 450 10 0 0 0 0 0 0 0 0 0 0 0 0
186 11110 456 456 14 0 0 0 0 0 0 0 0 0 0 0 0
187 11092 464 464 16 0 0 0 0 0 0 0 0 0 0 0 0
188 11082 467 467 20 0 0 0 0 0 0 0 0 0 0 0 0
189 11060 477 477 20 0 0 0 1 0 0 0 1 0 0 0 0
190 11040 487 487 20 0 0 0 1 0 0 0 1 0 0 0 0
191 11028 493 493 20 0 0 0 1 0 0 0 1 0 0 0 0
192 11012 502 502 16 0 0 0 2 0 0 0 2 0 0 0 0
193 11004 506 506 16 0 0 0 2 0 0 0 2 0 0 0 0
194 10990 513 513 16 0 0 0 2 0 0 0 2 0 0 0 0
195 10978 519 519 16 0 0 0 2 0 0 0 2 0 0 0 0
196 10966 523 523 20 0 0 0 2 0 0 0 2 0 0 0 0
197 10960 526 526 18 0 0 0 3 0 0 0 3 0 0 0 0
198 10958 527 527 18 0 0 0 3 0 0 0 3 0 0 0 0
199 10946 533 533 18 0 0 0 3 0 0 0 3 0 0 0 0
200 10940 537 537 16 0 0 0 3 0 0 0 3 0 0 0 0
201 10932 541 541 16 0 0 0 3 0 0 0 3 0 0 0 0
202 10928 543 543 16 0 0 0 3 0 0 0 3 0 0 0 0
203 10918 549 549 14 0 0 0 3 0 0 0 3 0 0 0 0
204 10908 555 555 12 0 0 0 3 0 0 0 3 0 0 0 0
205 10912 553 553 12 0 0 0 3 0 0 0 3 0 0 0 0
206 10904 556 556 14 0 0 0 3 0 0 0 3 0 0 0 0
207 10900 558 558 14 0 0 0 3 0 0 0 3 0 0 0 0
208 10888 563 563 16 0 0 0 3 0 0 0 3 0 0 0 0
209 10866 574 574 16 0 0 0 3 0 0 0 3 0 0 0 0
210 10848 582 582 18 0 0 0 3 0 0 0 3 0 0 0 0
211 10832 590 590 18 0 0 0 3 0 0 0 3 0 0 0 0
212 10832 590 590 18 0 0 0 3 0 0 0 3 0 0 0 0
213 10828 591 591 20 0 0 0 3 0 0 0 3 0 0 0 0
214 10820 594 594 22 0 0 0 3 0 0 0 3 0 0 0 0
215 10796 606 606 22 0 0 0 3 0 0 0 3 0 0 0 0
216 10784 612 612 22 0 0 0 3 0 0 0 3 0 0 0 0
217 10784 610 610 26 0 0 0 3 0 0 0 3 0 0 0 0
218 10772 616 616 26 0 0 0 3 0 0 0 3 0 0 0 0
219 10772 616 616 26 0 0 0 3 0 0 0 3 0 0 0 0
220 10770 617 617 26 0 0 0 3 0 0 0 3 0 0 0 0
221 10758 623 623 26 0 0 0 3 0 0 0 3 0 0 0 0
222 10738 631 631 30 0 0 0 3 0 0 0 3 0 0 0 0
223 10724 638 638 30 0 0 0 3 0 0 0 3 0 0 0 0
224 10710 644 644 32 0 0 1 2 0 1 0 2 0 0 0 0
225 10712 643 643 32 0 0 1 2 0 1 0 2 0 0 0 0
226 10704 648 648 30 0 0 1 2 0 1 0 2 0 0 0 0
227 10706 648 648 28 0 0 1 2 0 1 0 2 0 0 0 0
228 10692 656 656 26 0 0 1 2 0 1 0 2 0 0 0 0
229 10692 654 654 30 0 0 1 2 0 1 0 2 0 0 0 0
230 10692 655 655 28 0 0 1 2 0 1 0 2 0 0 0 0
231 10680 663 663 24 0 0 1 2 0 1 0 2 0 0 0 0
232 10674 665 665 26 0 0 1 2 0 1 0 2 0 0 0 0
233 10676 663 663 28 0 0 1 2 0 1 0 2 0 0 0 0
234 10672 664 664 30 0 0 1 2 0 1 0 2 0 0 0 0
235 10662 669 669 30 0 0 1 2 0 1 0 2 0 0 0 0
236 10648 676 676 30 0 0 1 2 0 1 0 2 0 0 0 0
237 10634 683 683 30 0 0 1 2 0 1 0 2 0 0 0 0
238 10632 684 684 30 0 0 1 2 0 1 0 2 0 0 0 0
239 10628 686 686 30 0 0 1 2 0 1 0 2 0 0 0 0
240 10616 693 693 28 0 0 1 2 0 1 0 2 0 0 0 0
241 10608 697 697 28 0 0 1 2 0 1 0 2 0 0 0 0
242 10594 704 704 26 0 0 1 3 0 1 0 3 0 0 0 0
243 10584 708 708 28 0 0 1 3 0 1 0 3 0 0 0 0
244 10570 715 715 26 0 0 1 4 0 1 0 4 0 0 0 0
245 10556 722 722 26 0 0 1 4 0 1 0 4 0 0 0 0
246 10552 723 723 28 0 0 1 4 0 1 0 4 0 0 0 0
247 10542 728 728 28 0 0 1 4 0 1 0 4 0 0 0 0
248 10530 734 734 28 0 0 1 4 0 1 0 4 0 0 0 0
249 10512 743 743 28 0 0 1 4 0 1 0 4 0 0 0 0
250 10502 746 746 32 0 0 1 4 0 1 0 4 0 0 0 0
251 10498 748 748 32 0 0 1 4 0 1 0 4 0 0 0 0
252 10496 749 749 32 0 0 1 4 0 1 0 4 0 0 0 0
253 10490 751 751 34 0 0 1 4 0 1 0 4 0 0 0 0
254 10490 751 751 34 0 0 1 4 0 1 0 4 0 0 0 0
255 10484 754 754 32 0 0 1 5 0 1 0 5 0 0 0 0
256 10472 759 759 34 0 0 1 5 0 1 0 5 0 0 0 0
257 10460 764 764 34 0 0 1 6 0 1 0 6 0 0 0 0
258 10460 763 763 36 0 0 1 6 0 1 0 6 0 0 0 0
259 10454 764 764 38 0 0 1 7 0 1 0 7 0 0 0 0
260 10456 762 762 40 0 0 1 7 0 1 0 7 0 0 0 0
261 10454 763 763 40 0 0 1 7 0 1 0 7 0 0 0 0
262 10444 766 766 44 0 0 1 7 0 1 0 7 0 0 0 0
263 10422 777 777 42 0 0 1 8 0 1 0 8 0 0 0 0
264 10424 776 776 42 0 0 1 8 0 1 0 8 0 0 0 0
265 10416 779 779 42 0 0 1 9 0 1 0 9 0 0 0 0
266 10408 781 781 46 0 0 1 9 0 1 0 9 0 0 0 0
267 10396 786 786 48 0 0 1 9 0 1 0 9 0 0 0 0
268 10380 794 794 46 0 0 1 10 0 1 0 10 0 0 0 0
269 10354 804 804 52 0 0 1 10 0 1 0 10 0 0 0 0
270 10326 817 817 54 0 0 1 10 0 1 0 10 0 0 0 0
271 10310 824 824 56 0 0 1 10 0 1 0 10 0 0 0 0
272 10302 827 827 58 0 0 1 10 0 1 0 10 0 0 0 0
273 10290 832 832 60 0 0 1 10 0 1 0 10 0 0 0 0
274 10274 838 838 64 0 0 1 10 0 1 0 10 0 0 0 0
275 10244 853 853 62 0 0 1 11 0 1 0 11 0 0 0 0
276 10234 858 858 60 0 0 1 12 0 1 0 12 0 0 0 0
277 10206 871 871 62 0 0 1 12 0 1 0 12 0 0 0 0
278 10202 873 873 62 0 0 1 12 0 1 0 12 0 0 0 0
279 10192 878 878 62 0 0 1 11 0 1 0 11 0 0 0 2
280 10168 890 890 60 0 0 1 12 0 1 0 12 0 0 0 2
281 10138 906 906 58 0 0 1 12 0 1 0 12 0 0 0 2
282 10108 921 921 58 0 0 1 12 0 1 0 12 0 0 0 2
283 10078 936 936 58 0 0 1 12 0 1 0 12 0 0 0 2
284 10064 941 941 62 0 0 2 11 0 2 0 11 0 0 0 2
285 10058 943 943 62 0 0 2 12 0 2 0 12 0 0 0 2
286 10040 952 952 60 0 0 2 13 0 2 0 13 0 0 0 2
287 10036 953 953 62 0 0 2 13 0 2 0 13 0 0 0 2
288 10028 957 957 60 0 0 2 14 0 2 0 14 0 0 0 2
289 10010 966 966 60 0 0 2 14 0 2 0 14 0 0 0 2
290 10002 969 969 60 0 0 2 15 0 2 0 15 0 0 0 2
291 9988 975 975 60 0 0 2 16 0 2 0 16 0 0 0 2
292 9974 980 980 64 0 0 2 16 0 2 0 16 0 0 0 2
293 9960 985 985 68 0 0 2 15 0 2 0 15 0 0 0 4
294 9940 995 995 68 0 0 2 15 0 2 0 15 0 0 0 4
295 9930 998 998 72 0 0 2 15 0 2 0 15 0 0 0 4
296 9918 1005 1005 68 0 0 2 16 0 2 0 16 0 0 0 4
297 9912 1008 1008 68 0 0 2 16 0 2 0 16 0 0 0 4
298 9908 1010 1010 68 0 0 2 16 0 2 0 16 0 0 0 4
299 9896 1016 1016 68 0 0 3 15 0 3 0 15 0 0 0 4
300 9882 1022 1022 68 0 0 3 16 0 3 0 16 0 0 0 4
301 9872 1026 1026 70 0 0 3 16 0 3 0 16 0 0 0 4
302 9866 1028 1028 72 0 0 5 14 0 5 0 14 0 0 0 4
303 9852 1034 1034 72 0 0 5 15 0 5 0 15 0 0 0 4
304 9830 1045 1045 70 0 0 5 16 0 5 0 16 0 0 0 4
305 9812 1054 1054 68 0 0 5 17 0 5 0 17 0 0 0 4
306 9822 1047 1047 72 0 0 5 16 0 5 0 16 0 0 0 6
307 9820 1046 1046 76 0 0 6 15 0 6 0 15 0 0 0 6
308 9802 1056 1056 74 0 0 6 15 0 6 0 15 0 0 0 6
309 9792 1060 1060 76 0 0 6 15 0 6 0 15 0 0 0 6
310 9780 1066 1066 76 0 0 6 15 0 6 0 15 0 0 0 6
311 9774 1066 1066 82 0 0 6 15 0 6 0 15 0 0 0 6
312 9768 1069 1069 82 0 0 6 15 0 6 0 15 0 0 0 6
313 9772 1064 1064 86 0 0 6 16 0 6 0 16 0 0 0 6
314 9770 1065 1065 86 0 0 6 16 0 6 0 16 0 0 0 6
315 9754 1074 1074 82 0 0 6 17 0 6 0 17 0 0 0 6
316 9732 1085 1085 82 0 0 6 17 0 6 0 17 0 0 0 6
317 9726 1088 1088 80 0 0 6 18 0 6 0 18 0 0 0 6
318 9718 1094 1094 76 0 0 6 18 0 6 0 18 0 0 0 6
319 9712 1097 1097 76 0 0 6 18 0 6 0 18 0 0 0 6
320 9708 1099 1099 76 0 0 6 18 0 6 0 18 0 0 0 6
321 9700 1100 1100 82 0 0 6 18 0 6 0 18 0 0 0 6
322 9690 1105 1105 78 0 0 6 20 0 6 0 20 0 0 0 6
323 9674 1112 1112 80 0 0 6 20 0 6 0 20 0 0 0 6
324 9656 1121 1121 80 0 0 6 20 0 6 0 20 0 0 0 6
325 9658 1120 1120 80 0 0 6 20 0 6 0 20 0 0 0 6
326 9642 1128 1128 80 0 0 6 20 0 6 0 20 0 0 0 6
327 9636 1130 1130 82 0 0 6 20 0 6 0 20 0 0 0 6
328 9638 1128 1128 82 0 0 6 21 0 6 0 21 0 0 0 6
329 9634 1131 1131 80 0 0 6 21 0 6 0 21 0 0 0 6
330 9636 1130 1130 80 0 0 6 21 0 6 0 21 0 0 0 6
331 9640 1129 1129 78 0 0 6 21 0 6 0 21 0 0 0 6
332 9634 1131 1131 80 0 0 6 21 0 6 0 21 0 0 0 6
333 9630 1133 1133 80 0 0 6 21 0 6 0 21 0 0 0 6
334 9634 1129 1129 84 0 0 6 21 0 6 0 21 0 0 0 6
335 9620 1134 1134 88 0 0 6 21 0 6 0 21 0 0 0 6
336 9604 1141 1141 90 0 0 6 21 0 6 0 21 0 0 0 6
337 9598 1142 1142 92 0 0 6 22 0 6 0 22 0 0 0 6
338 9602 1140 1140 90 0 0 6 23 0 6 0 23 0 0 0 6
339 9602 1137 1137 96 0 0 6 23 0 6 0 23 0 0 0 6
340 9588 1143 1143 98 0 0 6 23 0 6 0 23 0 0 0 6
341 9572 1152 1152 96 0 0 6 23 0 6 0 23 0 0 0 6
342 9566 1154 1154 98 0 0 6 23 0 6 0 23 0 0 0 6
343 9570 1151 1151 100 0 0 6 23 0 6 0 23 0 0 0 6
344 9570 1152 1152 96 0 0 6 24 0 6 0 24 0 0 0 6
345 9560 1159 1159 92 0 0 6 24 0 6 0 24 0 0 0 6
346 9554 1159 1159 96 0 0 6 25 0 6 0 25 0 0 0 6
347 9548 1159 1159 102 0 0 6 25 0 6 0 25 0 0 0 6
348 9542 1163 1163 98 0 0 6 26 0 6 0 26 0 0 0 6
349 9542 1164 1164 96 0 0 6 26 0 6 0 26 0 0 0 6
350 9536 1166 1166 98 0 0 7 25 0 7 0 25 0 0 0 6
351 9536 1166 1166 94 0 0 7 27 0 7 0 27 0 0 0 6
352 9530 1168 1168 96 0 0 7 27 0 7 0 27 0 0 0 6
353 9524 1171 1171 94 0 0 7 28 0 7 0 28 0 0 0 6
354 9520 1173 1173 94 0 0 8 26 0 8 0 26 0 0 0 8
355 9522 1171 1171 96 0 0 8 25 0 8 0 25 0 0 0 10
356 9512 1174 1174 100 0 0 8 25 0 8 0 25 0 0 0 10
357 9504 1175 1175 106 0 0 8 25 0 8 0 25 0 0 0 10
358 9500 1177 1177 106 0 0 9 24 0 9 0 24 0 0 0 10
359 9498 1178 1178 104 0 0 9 25 0 9 0 25 0 0 0 10
360 9488 1183 1183 102 0 0 9 26 0 9 0 26 0 0 0 10
361 9478 1188 1188 100 0 0 9 27 0 9 0 27 0 0 0 10
362 9472 1191 1191 100 0 0 9 27 0 9 0 27 0 0 0 10
363 9474 1188 1188 104 0 0 9 27 0 9 0 27 0 0 0 10
364 9466 1189 1189 106 0 0 11 27 0 11 0 27 0 0 0 10
365 9450 1197 1197 106 0 0 11 26 0 11 0 26 0 0 0 12
366 9446 1196 1196 112 0 0 11 26 0 11 0 26 0 0 0 12
367 9430 1199 1199 122 0 0 11 26 0 11 0 26 0 0 0 12
368 9420 1201 1201 128 0 0 11 26 0 11 0 26 0 0 0 12
369 9412 1202 1202 134 0 0 11 26 0 11 0 26 0 0 0 12
370 9402 1206 1206 132 0 0 11 28 0 11 0 28 0 0 0 12
371 9396 1207 1207 136 0 0 11 28 0 11 0 28 0 0 0 12
372 9380 1214 1214 136 0 0 11 29 0 11 0 29 0 0 0 12
373 9362 1221 1221 140 0 0 11 29 0 11 0 29 0 0 0 12
374 9350 1225 1225 144 0 0 12 28 0 12 0 28 0 0 0 12
375 9322 1239 1239 142 0 0 12 29 0 12 0 29 0 0 0 12
376 9320 1238 1238 146 0 0 12 29 0 12 0 29 0 0 0 12
377 9290 1253 1253 140 0 0 12 32 0 12 0 32 0 0 0 12
378 9264 1264 1264 140 0 0 12 34 0 12 0 34 0 0 0 12
379 9252 1269 1269 142 0 0 12 34 0 12 0 34 0 0 0 12
380 9238 1277 1277 136 0 0 12 36 0 12 0 36 0 0 0 12
381 9236 1277 1277 136 0 0 12 36 0 12 0 36 0 0 0 14
382 9224 1283 1283 134 0 0 12 37 0 12 0 37 0 0 0 14
383 9206 1291 1291 136 0 0 13 35 0 13 0 35 0 0 0 16
384 9204 1292 1292 136 0 0 13 34 0 13 0 34 0 0 0 18
385 9192 1298 1298 132 0 0 14 34 0 14 0 34 0 0 0 20
386 9194 1297 1297 132 0 0 14 34 0 14 0 34 0 0 0 20
387 9182 1299 1299 140 0 0 14 34 0 14 0 34 0 0 0 20
388 9178 1300 1300 140 0 0 14 35 0 14 0 35 0 0 0 20
389 9170 1304 1304 138 0 0 14 35 0 14 0 35 0 0 0 22
390 9150 1314 1314 138 0 0 14 35 0 14 0 35 0 0 0 22
391 9152 1313 1313 136 0 0 14 36 0 14 0 36 0 0 0 22
392 9142 1315 1315 140 0 0 14 37 0 14 0 37 0 0 0 22
393 9132 1319 1319 142 0 0 14 37 0 14 0 37 0 0 0 22
394 9124 1321 1321 146 0 0 15 36 0 15 0 36 0 0 0 22
395 9108 1325 1325 154 0 0 15 35 0 15 0 35 0 0 0 24
396 9092 1330 1330 158 0 0 15 35 0 15 0 35 0 0 0 26
397 9078 1336 1336 160 0 0 15 35 0 15 0 35 0 0 0 26
398 9064 1343 1343 158 0 0 15 36 0 15 0 36 0 0 0 26
399 9072 1337 1337 158 0 0 15 38 0 15 0 38 0 0 0 26
400 9060 1343 1343 154 0 0 15 40 0 15 0 40 0 0 0 26
401 9058 1345 1345 152 0 0 15 40 0 15 0 40 0 0 0 26
402 9040 1353 1353 154 0 0 15 40 0 15 0 40 0 0 0 26
403 9028 1358 1358 154 0 0 15 41 0 15 0 41 0 0 0 26
404 9026 1357 1357 158 0 0 15 41 0 15 0 41 0 0 0 26
405 9014 1363 1363 156 0 0 15 42 0 15 0 42 0 0 0 26
406 8998 1371 1371 156 0 0 15 42 0 15 0 42 0 0 0 26
407 8996 1372 1372 156 0 0 15 42 0 15 0 42 0 0 0 26
408 8988 1375 1375 154 0 0 16 43 0 16 0 43 0 0 0 26
409 8988 1372 1372 156 0 0 16 45 0 16 0 45 0 0 0 26
410 8996 1368 1368 154 0 0 16 46 0 16 0 46 0 0 0 26
411 8996 1367 1367 154 0 0 16 47 0 16 0 47 0 0 0 26
412 8998 1365 1365 154 0 0 16 48 0 16 0 48 0 0 0 26
413 9000 1365 1365 148 0 0 16 50 0 16 0 50 0 0 0 26
414 9008 1360 1360 146 0 0 16 52 0 16 0 52 0 0 0 26
415 9000 1366 1366 142 0 0 16 52 0 16 0 52 0 0 0 26
416 8996 1368 1368 140 0 0 16 52 0 16 0 52 0 0 0 28
417 8988 1371 1371 142 0 0 17 51 0 17 0 51 0 0 0 28
418 8998 1367 1367 136 0 0 17 53 0 17 0 53 0 0 0 28
419 8994 1367 1367 140 0 0 18 51 0 18 0 51 0 0 0 30
420 8988 1369 1369 142 0 0 19 50 0 19 0 50 0 0 0 30
421 8978 1374 1374 140 0 0 19 51 0 19 0 51 0 0 0 30
422 8984 1369 1369 144 0 0 19 51 0 19 0 51 0 0 0 30
423 8980 1372 1372 142 0 0 20 49 0 20 0 49 0 0 0 32
424 8974 1374 1374 142 0 0 20 50 0 20 0 50 0 0 0 32
425 8970 1376 1376 140 0 0 19 51 0 19 0 51 0 0 0 34
426 8958 1381 1381 142 0 0 19 50 0 19 0 50 0 0 0 36
427 8958 1381 1381 142 0 0 19 50 0 19 0 50 0 0 0 36
428 8958 1385 1385 132 0 0 19 51 0 19 0 51 0 0 0 36
429 8964 1383 1383 130 0 0 21 49 0 21 0 49 0 0 0 36
430 8960 1385 1385 126 0 0 22 50 0 22 0 50 0 0 0 36
431 8972 1378 1378 128 0 0 22 50 0 22 0 50 0 0 0 36
432 8968 1378 1378 132 0 0 22 50 0 22 0 50 0 0 0 36
433 8956 1382 1382 136 0 0 22 50 0 22 0 50 0 0 0 36
434 8950 1385 1385 136 0 0 23 48 0 23 0 48 0 0 0 38
435 8948 1386 1386 134 0 0 23 49 0 23 0 49 0 0 0 38
436 8946 1386 1386 136 0 0 23 49 0 23 0 49 0 0 0 38
437 8948 1384 1384 136 0 0 24 49 0 24 0 49 0 0 0 38
438 8952 1383 1383 132 0 0 24 49 0 24 0 49 0 0 0 40
439 8952 1382 1382 134 0 0 24 49 0 24 0 49 0 0 0 40
440 8956 1382 1382 130 0 0 24 49 0 24 0 49 0 0 0 40
441 8950 1383 1383 134 0 0 24 49 0 24 0 49 0 0 0 40
442 8942 1386 1386 136 0 0 24 49 0 24 0 49 0 0 0 40
443 8942 1385 1385 138 0 0 24 49 0 24 0 49 0 0 0 40
444 8938 1386 1386 136 0 0 24 50 0 24 0 50 0 0 0 42
445 8930 1387 1387 142 0 0 24 48 0 24 0 48 0 0 0 46
446 8926 1389 1389 142 0 0 25 47 0 25 0 47 0 0 0 46
447 8916 1392 1392 144 0 0 26 46 0 26 0 46 0 0 0 48
448 8908 1397 1397 142 0 0 26 45 0 26 0 45 0 0 0 50
449 8914 1393 1393 142 0 0 26 46 0 26 0 46 0 0 0 50
450 8920 1388 1388 144 0 0 26 47 0 26 0 47 0 0 0 50
451 8920 1387 1387 146 0 0 26 46 0 26 0 46 0 0 0 52
452 8912 1389 1389 150 0 0 26 45 0 26 0 45 0 0 0 54
453 8912 1388 1388 148 0 0 26 47 0 26 0 47 0 0 0 54
454 8894 1397 1397 148 0 0 26 47 0 26 0 47 0 0 0 54
455 8890 1399 1399 146 0 0 27 47 0 27 0 47 0 0 0 54
456 8884 1402 1402 146 0 0 28 46 0 28 0 46 0 0 0 54
457 8880 1402 1402 148 0 0 28 47 0 28 0 47 0 0 0 54
458 8882 1403 1403 142 0 0 29 47 0 29 0 47 0 0 0 54
459 8878 1405 1405 142 0 0 31 45 0 31 0 45 0 0 0 54
460 8870 1409 1409 142 0 0 30 46 0 30 0 46 0 0 0 54
461 8858 1413 1413 146 0 0 31 45 0 31 0 45 0 0 0 54
462 8852 1412 1412 154 0 0 31 45 0 31 0 45 0 0 0 54
463 8840 1418 1418 154 0 0 31 45 0 31 0 45 0 0 0 54
464 8832 1421 1421 156 0 0 31 45 0 31 0 45 0 0 0 54
465 8838 1415 1415 158 0 0 31 47 0 31 0 47 0 0 0 54
466 8826 1421 1421 158 0 0 31 47 0 31 0 47 0 0 0 54
467 8820 1420 1420 164 0 0 31 47 0 31 0 47 0 0 0 56
468 8816 1418 1418 172 0 0 30 48 0 30 0 48 0 0 0 56
469 8790 1433 1433 168 0 0 30 48 0 30 0 48 0 0 0 56
470 8788 1433 1433 170 0 0 31 47 0 31 0 47 0 0 0 56
471 8772 1439 1439 172 0 0 31 47 0 31 0 47 0 0 0 58
472 8760 1447 1447 166 0 0 30 49 0 30 0 49 0 0 0 58
473 8748 1450 1450 172 0 0 30 49 0 30 0 49 0 0 0 58
474 8748 1450 1450 170 0 0 30 50 0 30 0 50 0 0 0 58
475 8738 1454 1454 170 0 0 30 51 0 30 0 51 0 0 0 58
476 8730 1454 1454 174 0 0 30 52 0 30 0 52 0 0 0 60
477 8712 1465 1465 168 0 0 30 53 0 30 0 53 0 0 0 60
478 8712 1465 1465 168 0 0 30 53 0 30 0 53 0 0 0 60
479 8700 1469 1469 172 0 0 30 53 0 30 0 53 0 0 0 60
480 8688 1475 1475 170 0 0 30 53 0 30 0 53 0 0 0 62
481 8682 1479 1479 164 0 0 30 55 0 30 0 55 0 0 0 62
482 8672 1484 1484 162 0 0 29 56 0 29 0 56 0 0 0 64
483 8666 1486 1486 162 0 0 29 57 0 29 0 57 0 0 0 64
484 8668 1484 1484 164 0 0 29 57 0 29 0 57 0 0 0 64
485 8664 1485 1485 166 0 0 29 57 0 29 0 57 0 0 0 64
486 8652 1491 1491 166 0 0 29 57 0 29 0 57 0 0 0 64
487 8640 1495 1495 166 0 0 30 58 0 30 0 58 0 0 0 64
488 8642 1493 1493 168 0 0 30 58 0 30 0 58 0 0 0 64
489 8634 1497 1497 164 0 0 30 60 0 30 0 60 0 0 0 64
490 8622 1500 1500 168 0 0 30 60 0 30 0 60 0 0 0 66
491 8618 1502 1502 166 0 0 31 59 0 31 0 59 0 0 0 68
492 8610 1506 1506 162 0 0 31 61 0 31 0 61 0 0 0 68
493 8608 1504 1504 168 0 0 33 59 0 33 0 59 0 0 0 68
494 8596 1509 1509 170 0 0 33 59 0 33 0 59 0 0 0 68
495 8588 1511 1511 172 0 0 33 60 0 33 0 60 0 0 0 68
496 8586 1512 1512 172 0 0 33 59 0 33 0 59 0 0 0 70
497 8578 1516 1516 172 0 0 33 59 0 33 0 59 0 0 0 70
498 8560 1525 1525 172 0 0 33 58 0 33 0 58 0 0 0 72
499 8548 1531 1531 168 0 0 33 60 0 33 0 60 0 0 0 72
500 8550 1529 1529 166 0 0 33 62 0 33 0 62 0 0 0 72
501 8556 1526 1526 166 0 0 33 62 0 33 0 62 0 0 0 72
502 8554 1527 1527 166 0 0 33 62 0 33 0 62 0 0 0 72
503 8558 1526 1526 162 0 0 33 63 0 33 0 63 0 0 0 72
504 8564 1523 1523 162 0 0 33 63 0 33 0 63 0 0 0 72
505 8572 1519 1519 160 0 0 33 64 0 33 0 64 0 0 0 72
506 8556 1526 1526 162 0 0 33 64 0 33 0 64 0 0 0 72
507 8554 1526 1526 162 0 0 33 63 0 33 0 63 0 0 0 76
508 8564 1522 1522 160 0 0 33 63 0 33 0 63 0 0 0 76
509 8554 1527 1527 160 0 0 33 63 0 33 0 63 0 0 0 76
510 8548 1530 1530 160 0 0 35 61 0 35 0 61 0 0 0 76
511 8558 1524 1524 160 0 0 35 62 0 35 0 62 0 0 0 76
512 8548 1528 1528 162 0 0 35 62 0 35 0 62 0 0 0 76
513 8564 1520 1520 162 0 0 35 62 0 35 0 62 0 0 0 76
514 8572 1514 1514 166 0 0 35 62 0 35 0 62 0 0 0 76
515 8556 1522 1522 162 0 0 35 64 0 35 0 64 0 0 0 76
516 8564 1516 1516 164 0 0 38 62 0 38 0 62 0 0 0 76
517 8566 1514 1514 166 0 0 39 61 0 39 0 61 0 0 0 76
518 8562 1517 1517 162 0 0 40 61 0 40 0 61 0 0 0 76
519 8552 1521 1521 164 0 0 41 60 0 41 0 60 0 0 0 76
520 8552 1520 1520 166 0 0 42 59 0 42 0 59 0 0 0 76
521 8552 1518 1518 168 0 0 41 61 0 41 0 61 0 0 0 76
522 8546 1520 1520 170 0 0 41 60 0 41 0 60 0 0 0 78
523 8522 1534 1534 164 0 0 41 60 0 41 0 60 0 0 0 80
524 8518 1536 1536 164 0 0 41 60 0 41 0 60 0 0 0 80
525 8526 1530 1530 166 0 0 42 60 0 42 0 60 0 0 0 80
526 8524 1531 1531 166 0 0 42 60 0 42 0 60 0 0 0 80
527 8524 1533 1533 162 0 0 42 60 0 42 0 60 0 0 0 80
528 8526 1533 1533 158 0 0 43 60 0 43 0 60 0 0 0 80
529 8522 1532 1532 164 0 0 43 60 0 43 0 60 0 0 0 80
530 8524 1532 1532 160 0 0 44 60 0 44 0 60 0 0 0 80
531 8530 1528 1528 160 0 0 44 61 0 44 0 61 0 0 0 80
532 8526 1529 1529 162 0 0 45 59 0 45 0 59 0 0 0 82
533 8530 1523 1523 164 0 0 45 62 0 45 0 62 0 0 0 82
534 8530 1523 1523 164 0 0 45 61 0 45 0 61 0 0 0 84
535 8538 1516 1516 170 0 0 46 60 0 46 0 60 0 0 0 84
536 8548 1510 1510 172 0 0 46 60 0 46 0 60 0 0 0 84
537 8544 1513 1513 170 0 0 46 60 0 46 0 60 0 0 0 84
538 8522 1522 1522 172 0 0 46 61 0 46 0 61 0 0 0 84
539 8520 1523 1523 172 0 0 46 61 0 46 0 61 0 0 0 84
540 8518 1524 1524 172 0 0 46 61 0 46 0 61 0 0 0 84
541 8524 1521 1521 170 0 0 47 61 0 47 0 61 0 0 0 84
542 8524 1521 1521 170 0 0 46 62 0 46 0 62 0 0 0 84
543 8542 1513 1513 166 0 0 47 62 0 47 0 62 0 0 0 84
544 8544 1511 1511 168 0 0 47 62 0 47 0 62 0 0 0 84
545 8534 1515 1515 170 0 0 47 62 0 47 0 62 0 0 0 84
546 8530 1516 1516 170 0 0 47 63 0 47 0 63 0 0 0 84
547 8522 1514 1514 180 0 0 48 62 0 48 0 62 0 0 0 86
548 8514 1517 1517 178 0 0 48 64 0 48 0 64 0 0 0 86
549 8510 1518 1518 178 0 0 48 65 0 48 0 65 0 0 0 86
550 8518 1513 1513 180 0 0 48 65 0 48 0 65 0 0 0 86
551 8512 1516 1516 176 0 0 48 67 0 48 0 67 0 0 0 86
552 8512 1515 1515 176 0 0 48 68 0 48 0 68 0 0 0 86
553 8506 1519 1519 172 0 0 48 69 0 48 0 69 0 0 0 86
554 8498 1520 1520 176 0 0 49 69 0 49 0 69 0 0 0 86
555 8496 1522 1522 172 0 0 50 69 0 50 0 69 0 0 0 86
556 8500 1522 1522 166 0 0 52 68 0 52 0 68 0 0 0 86
557 8496 1525 1525 162 0 0 53 68 0 53 0 68 0 0 0 86
558 8480 1534 1534 160 0 0 53 68 0 53 0 68 0 0 0 86
559 8484 1532 1532 160 0 0 53 68 0 53 0 68 0 0 0 86
560 8488 1526 1526 164 0 0 54 69 0 54 0 69 0 0 0 86
561 8484 1525 1525 168 0 0 54 70 0 54 0 70 0 0 0 86
562 8482 1525 1525 166 0 0 54 72 0 54 0 72 0 0 0 86
563 8480 1525 1525 168 0 0 55 71 0 55 0 71 0 0 0 86
564 8458 1536 1536 166 0 0 55 72 0 55 0 72 0 0 0 86
565 8472 1530 1530 164 0 0 56 71 0 56 0 71 0 0 0 86
566 8478 1527 1527 162 0 0 56 71 0 56 0 71 0 0 0 88
567 8480 1524 1524 166 0 0 56 70 0 56 0 70 0 0 0 90
568 8480 1523 1523 168 0 0 56 69 0 56 0 69 0 0 0 92
569 8476 1524 1524 170 0 0 56 69 0 56 0 69 0 0 0 92
570 8462 1527 1527 172 0 0 56 72 0 56 0 72 0 0 0 92
571 8452 1531 1531 172 0 0 58 71 0 58 0 71 0 0 0 92
572 8464 1523 1523 172 0 0 59 72 0 59 0 72 0 0 0 92
573 8460 1525 1525 168 0 0 59 74 0 59 0 74 0 0 0 92
574 8432 1540 1540 166 0 0 59 73 0 59 0 73 0 0 0 94
575 8430 1540 1540 166 0 0 59 73 0 59 0 73 0 0 0 96
576 8414 1548 1548 160 0 0 59 75 0 59 0 75 0 0 0 98
577 8402 1556 1556 152 0 0 59 75 0 59 0 75 0 0 0 102
578 8396 1558 1558 150 0 0 59 76 0 59 0 76 0 0 0 104
579 8394 1557 1557 154 0 0 59 76 0 59 0 76 0 0 0 104
580 8384 1563 1563 150 0 0 59 76 0 59 0 76 0 0 0 106
581 8378 1567 1567 148 0 0 59 76 0 59 0 76 0 0 0 106
582 8380 1565 1565 150 0 0 57 78 0 57 0 78 0 0 0 106
583 8354 1578 1578 150 0 0 57 78 0 57 0 78 0 0 0 106
584 8336 1587 1587 148 0 0 57 78 0 57 0 78 0 0 0 108
585 8324 1590 1590 152 0 0 57 79 0 57 0 79 0 0 0 108
586 8330 1585 1585 154 0 0 56 79 0 56 0 79 0 0 0 112
587 8318 1591 1591 154 0 0 56 79 0 56 0 79 0 0 0 112
588 8296 1597 1597 162 0 0 56 80 0 56 0 80 0 0 0 112
589 8294 1598 1598 160 0 0 56 81 0 56 0 81 0 0 0 112
590 8280 1603 1603 164 0 0 56 81 0 56 0 81 0 0 0 112
591 8274 1602 1602 170 0 0 57 81 0 57 0 81 0 0 0 112
592 8272 1606 1606 164 0 0 56 82 0 56 0 82 0 0 0 112
593 8278 1600 1600 168 0 0 56 81 0 56 0 81 0 0 0 116
594 8276 1602 1602 162 0 0 58 81 0 58 0 81 0 0 0 116
595 8272 1603 1603 162 0 0 59 81 0 59 0 81 0 0 0 116
596 8264 1605 1605 164 0 0 59 82 0 59 0 82 0 0 0 116
597 8256 1609 1609 162 0 0 60 81 0 60 0 81 0 0 0 118
598 8250 1612 1612 158 0 0 61 82 0 61 0 82 0 0 0 118
599 8256 1609 1609 158 0 0 61 82 0 61 0 82 0 0 0 118
600 8260 1608 1608 154 0 0 61 83 0 61 0 83 0 0 0 118
601 8250 1612 1612 152 0 0 61 84 0 61 0 84 0 0 0 120
602 8246 1611 1611 158 0 0 61 84 0 61 0 84 0 0 0 120
603 8250 1610 1610 154 0 0 61 85 0 61 0 85 0 0 0 120
604 8244 1610 1610 160 0 0 61 83 0 61 0 83 0 0 0 124
605 8248 1609 1609 156 0 0 61 83 0 61 0 83 0 0 0 126
606 8232 1615 1615 158 0 0 62 82 0 62 0 82 0 0 0 128
607 8222 1617 1617 160 0 0 62 84 0 62 0 84 0 0 0 128
608 8224 1616 1616 160 0 0 62 83 0 62 0 83 0 0 0 130
609 8218 1617 1617 164 0 0 64 81 0 64 0 81 0 0 0 130
610 8196 1627 1627 166 0 0 64 81 0 64 0 81 0 0 0 130
611 8192 1629 1629 166 0 0 64 80 0 64 0 80 0 0 0 132
612 8210 1621 1621 164 0 0 63 80 0 63 0 80 0 0 0 134
613 8216 1617 1617 166 0 0 64 79 0 64 0 79 0 0 0 134
614 8214 1618 1618 162 0 0 64 79 0 64 0 79 0 0 0 138
615 8202 1625 1625 160 0 0 66 77 0 66 0 77 0 0 0 138
616 8184 1636 1636 154 0 0 66 78 0 66 0 78 0 0 0 138
617 8172 1639 1639 158 0 0 66 79 0 66 0 79 0 0 0 138
618 8176 1637 1637 158 0 0 67 78 0 67 0 78 0 0 0 138
619 8184 1631 1631 160 0 0 69 77 0 69 0 77 0 0 0 138
620 8184 1630 1630 162 0 0 70 76 0 70 0 76 0 0 0 138
621 8184 1629 1629 162 0 0 71 75 0 71 0 75 0 0 0 140
622 8202 1620 1620 162 0 0 71 75 0 71 0 75 0 0 0 140
623 8210 1617 1617 160 0 0 71 74 0 71 0 74 0 0 0 142
624 8206 1620 1620 158 0 0 72 73 0 72 0 73 0 0 0 142
625 8210 1620 1620 154 0 0 72 73 0 72 0 73 0 0 0 142
626 8218 1616 1616 154 0 0 71 73 0 71 0 73 0 0 0 144
627 8228 1609 1609 156 0 0 72 73 0 72 0 73 0 0 0 144
628 8224 1610 1610 158 0 0 71 74 0 71 0 74 0 0 0 144
629 8226 1608 1608 160 0 0 72 73 0 72 0 73 0 0 0 144
630 8236 1602 1602 162 0 0 73 72 0 73 0 72 0 0 0 144
631 8244 1597 1597 164 0 0 73 72 0 73 0 72 0 0 0 144
632 8242 1597 1597 166 0 0 74 71 0 74 0 71 0 0 0 144
