0 4012 0 0 0 0 0 0 0 0 0 0 0 0 0 0 0
1 12030 3 3 0 0 0 0 0 0 0 0 0 0 0 0 0
2 12030 3 3 0 0 0 0 0 0 0 0 0 0 0 0 0
3 12030 3 3 0 0 0 0 0 0 0 0 0 0 0 0 0
4 12024 6 6 0 0 0 0 0 0 0 0 0 0 0 0 0
5 12022 7 7 0 0 0 0 0 0 0 0 0 0 0 0 0
6 12022 7 7 0 0 0 0 0 0 0 0 0 0 0 0 0
7 12019 8 8 1 0 0 0 0 0 0 0 0 0 0 0 0
8 12015 10 10 1 0 0 0 0 0 0 0 0 0 0 0 0
9 12011 12 12 1 0 0 0 0 0 0 0 0 0 0 0 0
10 12013 11 11 1 0 0 0 0 0 0 0 0 0 0 0 0
11 12011 12 12 1 0 0 0 0 0 0 0 0 0 0 0 0
12 12009 13 13 1 0 0 0 0 0 0 0 0 0 0 0 0
13 12007 14 14 1 0 0 0 0 0 0 0 0 0 0 0 0
14 12003 16 16 1 0 0 0 0 0 0 0 0 0 0 0 0
15 12001 17 17 1 0 0 0 0 0 0 0 0 0 0 0 0
16 12001 17 17 1 0 0 0 0 0 0 0 0 0 0 0 0
17 11999 18 18 1 0 0 0 0 0 0 0 0 0 0 0 0
18 11999 18 18 1 0 0 0 0 0 0 0 0 0 0 0 0
19 11999 18 18 1 0 0 0 0 0 0 0 0 0 0 0 0
20 11997 19 19 1 0 0 0 0 0 0 0 0 0 0 0 0
21 11995 20 20 1 0 0 0 0 0 0 0 0 0 0 0 0
22 11995 20 20 1 0 0 0 0 0 0 0 0 0 0 0 0
23 11995 20 20 1 0 0 0 0 0 0 0 0 0 0 0 0
24 11993 21 21 1 0 0 0 0 0 0 0 0 0 0 0 0
25 11989 23 23 1 0 0 0 0 0 0 0 0 0 0 0 0
26 11987 24 24 1 0 0 0 0 0 0 0 0 0 0 0 0
27 11985 25 25 1 0 0 0 0 0 0 0 0 0 0 0 0
28 11983 26 26 1 0 0 0 0 0 0 0 0 0 0 0 0
29 11983 26 26 1 0 0 0 0 0 0 0 0 0 0 0 0
30 11979 28 28 1 0 0 0 0 0 0 0 0 0 0 0 0
31 11979 28 28 1 0 0 0 0 0 0 0 0 0 0 0 0
32 11979 28 28 1 0 0 0 0 0 0 0 0 0 0 0 0
33 11979 28 28 1 0 0 0 0 0 0 0 0 0 0 0 0
34 11981 27 27 1 0 0 0 0 0 0 0 0 0 0 0 0
35 11975 30 30 1 0 0 0 0 0 0 0 0 0 0 0 0
36 11975 30 30 1 0 0 0 0 0 0 0 0 0 0 0 0
37 11975 30 30 1 0 0 0 0 0 0 0 0 0 0 0 0
38 11975 30 30 1 0 0 0 0 0 0 0 0 0 0 0 0
39 11973 31 31 1 0 0 0 0 0 0 0 0 0 0 0 0
40 11973 31 31 1 0 0 0 0 0 0 0 0 0 0 0 0
41 11973 31 31 1 0 0 0 0 0 0 0 0 0 0 0 0
42 11973 31 31 1 0 0 0 0 0 0 0 0 0 0 0 0
43 11973 31 31 1 0 0 0 0 0 0 0 0 0 0 0 0
44 11971 32 32 1 0 0 0 0 0 0 0 0 0 0 0 0
45 11973 31 31 1 0 0 0 0 0 0 0 0 0 0 0 0
46 11971 32 32 1 0 0 0 0 0 0 0 0 0 0 0 0
47 11971 32 32 1 0 0 0 0 0 0 0 0 0 0 0 0
48 11971 32 32 1 0 0 0 0 0 0 0 0 0 0 0 0
49 11971 32 32 1 0 0 0 0 0 0 0 0 0 0 0 0
50 11973 31 31 1 0 0 0 0 0 0 0 0 0 0 0 0
51 11973 31 31 1 0 0 0 0 0 0 0 0 0 0 0 0
52 11969 33 33 1 0 0 0 0 0 0 0 0 0 0 0 0
53 11965 35 35 1 0 0 0 0 0 0 0 0 0 0 0 0
54 11961 37 37 1 0 0 0 0 0 0 0 0 0 0 0 0
55 11959 38 38 1 0 0 0 0 0 0 0 0 0 0 0 0
56 11956 40 40 0 0 0 0 0 0 0 0 0 0 0 0 0
57 11950 43 43 0 0 0 0 0 0 0 0 0 0 0 0 0
58 11952 42 42 0 0 0 0 0 0 0 0 0 0 0 0 0
59 11950 43 43 0 0 0 0 0 0 0 0 0 0 0 0 0
60 11950 43 43 0 0 0 0 0 0 0 0 0 0 0 0 0
61 11948 44 44 0 0 0 0 0 0 0 0 0 0 0 0 0
62 11946 45 45 0 0 0 0 0 0 0 0 0 0 0 0 0
63 11946 45 45 0 0 0 0 0 0 0 0 0 0 0 0 0
64 11946 45 45 0 0 0 0 0 0 0 0 0 0 0 0 0
65 11942 47 47 0 0 0 0 0 0 0 0 0 0 0 0 0
66 11940 48 48 0 0 0 0 0 0 0 0 0 0 0 0 0
67 11934 51 51 0 0 0 0 0 0 0 0 0 0 0 0 0
68 11934 51 51 0 0 0 0 0 0 0 0 0 0 0 0 0
69 11936 50 50 0 0 0 0 0 0 0 0 0 0 0 0 0
70 11936 50 50 0 0 0 0 0 0 0 0 0 0 0 0 0
71 11940 48 48 0 0 0 0 0 0 0 0 0 0 0 0 0
72 11936 50 50 0 0 0 0 0 0 0 0 0 0 0 0 0
73 11936 50 50 0 0 0 0 0 0 0 0 0 0 0 0 0
74 11936 50 50 0 0 0 0 0 0 0 0 0 0 0 0 0
75 11934 51 51 0 0 0 0 0 0 0 0 0 0 0 0 0
76 11934 51 51 0 0 0 0 0 0 0 0 0 0 0 0 0
77 11936 50 50 0 0 0 0 0 0 0 0 0 0 0 0 0
78 11929 53 53 1 0 0 0 0 0 0 0 0 0 0 0 0
79 11927 54 54 1 0 0 0 0 0 0 0 0 0 0 0 0
80 11927 54 54 1 0 0 0 0 0 0 0 0 0 0 0 0
81 11923 56 56 1 0 0 0 0 0 0 0 0 0 0 0 0
82 11923 56 56 1 0 0 0 0 0 0 0 0 0 0 0 0
83 11921 57 57 1 0 0 0 0 0 0 0 0 0 0 0 0
84 11919 58 58 1 0 0 0 0 0 0 0 0 0 0 0 0
85 11917 59 59 1 0 0 0 0 0 0 0 0 0 0 0 0
86 11919 58 58 1 0 0 0 0 0 0 0 0 0 0 0 0
87 11917 59 59 1 0 0 0 0 0 0 0 0 0 0 0 0
88 11919 58 58 1 0 0 0 0 0 0 0 0 0 0 0 0
89 11915 60 60 1 0 0 0 0 0 0 0 0 0 0 0 0
90 11913 61 61 1 0 0 0 0 0 0 0 0 0 0 0 0
91 11915 60 60 1 0 0 0 0 0 0 0 0 0 0 0 0
92 11911 62 62 1 0 0 0 0 0 0 0 0 0 0 0 0
93 11911 62 62 1 0 0 0 0 0 0 0 0 0 0 0 0
94 11907 64 64 1 0 0 0 0 0 0 0 0 0 0 0 0
95 11907 64 64 1 0 0 0 0 0 0 0 0 0 0 0 0
96 11907 64 64 1 0 0 0 0 0 0 0 0 0 0 0 0
97 11901 67 67 1 0 0 0 0 0 0 0 0 0 0 0 0
98 11901 67 67 1 0 0 0 0 0 0 0 0 0 0 0 0
99 11905 65 65 1 0 0 0 0 0 0 0 0 0 0 0 0
100 11903 66 66 1 0 0 0 0 0 0 0 0 0 0 0 0
101 11899 68 68 1 0 0 0 0 0 0 0 0 0 0 0 0
102 11895 70 70 1 0 0 0 0 0 0 0 0 0 0 0 0
103 11897 69 69 1 0 0 0 0 0 0 0 0 0 0 0 0
104 11895 70 70 1 0 0 0 0 0 0 0 0 0 0 0 0
105 11897 69 69 1 0 0 0 0 0 0 0 0 0 0 0 0
106 11893 71 71 1 0 0 0 0 0 0 0 0 0 0 0 0
107 11893 71 71 1 0 0 0 0 0 0 0 0 0 0 0 0
108 11893 71 71 1 0 0 0 0 0 0 0 0 0 0 0 0
109 11893 71 71 1 0 0 0 0 0 0 0 0 0 0 0 0
110 11893 71 71 1 0 0 0 0 0 0 0 0 0 0 0 0
111 11895 70 70 1 0 0 0 0 0 0 0 0 0 0 0 0
112 11893 71 71 1 0 0 0 0 0 0 0 0 0 0 0 0
113 11891 72 72 1 0 0 0 0 0 0 0 0 0 0 0 0
114 11891 72 72 1 0 0 0 0 0 0 0 0 0 0 0 0
115 11887 74 74 1 0 0 0 0 0 0 0 0 0 0 0 0
116 11886 74 74 2 0 0 0 0 0 0 0 0 0 0 0 0
117 11884 75 75 2 0 0 0 0 0 0 0 0 0 0 0 0
118 11884 75 75 2 0 0 0 0 0 0 0 0 0 0 0 0
119 11876 79 79 2 0 0 0 0 0 0 0 0 0 0 0 0
120 11876 79 79 2 0 0 0 0 0 0 0 0 0 0 0 0
121 11878 78 78 2 0 0 0 0 0 0 0 0 0 0 0 0
122 11876 79 79 2 0 0 0 0 0 0 0 0 0 0 0 0
123 11878 78 78 2 0 0 0 0 0 0 0 0 0 0 0 0
124 11876 79 79 2 0 0 0 0 0 0 0 0 0 0 0 0
125 11880 77 77 2 0 0 0 0 0 0 0 0 0 0 0 0
126 11884 75 75 2 0 0 0 0 0 0 0 0 0 0 0 0
127 11882 76 76 2 0 0 0 0 0 0 0 0 0 0 0 0
128 11880 77 77 2 0 0 0 0 0 0 0 0 0 0 0 0
129 11878 78 78 2 0 0 0 0 0 0 0 0 0 0 0 0
130 11880 77 77 2 0 0 0 0 0 0 0 0 0 0 0 0
131 11876 79 79 2 0 0 0 0 0 0 0 0 0 0 0 0
132 11876 79 79 2 0 0 0 0 0 0 0 0 0 0 0 0
133 11877 79 79 1 0 0 0 0 0 0 0 0 0 0 0 0
134 11875 80 80 1 0 0 0 0 0 0 0 0 0 0 0 0
135 11865 85 85 1 0 0 0 0 0 0 0 0 0 0 0 0
136 11867 84 84 1 0 0 0 0 0 0 0 0 0 0 0 0
137 11861 87 87 1 0 0 0 0 0 0 0 0 0 0 0 0
138 11859 88 88 1 0 0 0 0 0 0 0 0 0 0 0 0
139 11859 88 88 1 0 0 0 0 0 0 0 0 0 0 0 0
140 11853 91 91 1 0 0 0 0 0 0 0 0 0 0 0 0
141 11851 92 92 1 0 0 0 0 0 0 0 0 0 0 0 0
142 11841 97 97 1 0 0 0 0 0 0 0 0 0 0 0 0
143 11833 101 101 1 0 0 0 0 0 0 0 0 0 0 0 0
144 11829 103 103 1 0 0 0 0 0 0 0 0 0 0 0 0
145 11823 106 106 1 0 0 0 0 0 0 0 0 0 0 0 0
146 11819 108 108 1 0 0 0 0 0 0 0 0 0 0 0 0
147 11809 113 113 1 0 0 0 0 0 0 0 0 0 0 0 0
148 11805 115 115 1 0 0 0 0 0 0 0 0 0 0 0 0
149 11795 120 120 1 0 0 0 0 0 0 0 0 0 0 0 0
150 11781 127 127 1 0 0 0 0 0 0 0 0 0 0 0 0
151 11771 132 132 1 0 0 0 0 0 0 0 0 0 0 0 0
152 11770 132 132 2 0 0 0 0 0 0 0 0 0 0 0 0
153 11766 134 134 2 0 0 0 0 0 0 0 0 0 0 0 0
154 11756 139 139 2 0 0 0 0 0 0 0 0 0 0 0 0
155 11738 148 148 2 0 0 0 0 0 0 0 0 0 0 0 0
156 11731 151 151 3 0 0 0 0 0 0 0 0 0 0 0 0
157 11717 158 158 3 0 0 0 0 0 0 0 0 0 0 0 0
158 11693 170 170 3 0 0 0 0 0 0 0 0 0 0 0 0
159 11672 180 180 4 0 0 0 0 0 0 0 0 0 0 0 0
160 11652 190 190 4 0 0 0 0 0 0 0 0 0 0 0 0
161 11638 197 197 4 0 0 0 0 0 0 0 0 0 0 0 0
162 11634 199 199 4 0 0 0 0 0 0 0 0 0 0 0 0
163 11622 205 205 4 0 0 0 0 0 0 0 0 0 0 0 0
164 11604 214 214 4 0 0 0 0 0 0 0 0 0 0 0 0
165 11588 222 222 4 0 0 0 0 0 0 0 0 0 0 0 0
166 11581 225 225 5 0 0 0 0 0 0 0 0 0 0 0 0
167 11548 241 241 6 0 0 0 0 0 0 0 0 0 0 0 0
168 11523 253 253 7 0 0 0 0 0 0 0 0 0 0 0 0
169 11513 258 258 7 0 0 0 0 0 0 0 0 0 0 0 0
170 11481 273 273 9 0 0 0 0 0 0 0 0 0 0 0 0
171 11471 278 278 9 0 0 0 0 0 0 0 0 0 0 0 0
172 11454 286 286 10 0 0 0 0 0 0 0 0 0 0 0 0
173 11427 299 299 11 0 0 0 0 0 0 0 0 0 0 0 0
174 11413 306 306 11 0 0 0 0 0 0 0 0 0 0 0 0
175 11387 319 318 10 0 0 1 0 0 0 0 1 0 0 0 0
176 11362 331 330 11 0 0 1 0 0 0 0 1 0 0 0 0
177 11340 342 341 11 0 0 1 0 0 0 0 1 0 0 0 0
178 11323 350 349 12 0 0 1 0 0 0 0 1 0 0 0 0
179 11309 357 356 12 0 0 1 0 0 0 0 1 0 0 0 0
180 11298 362 361 13 0 0 1 0 0 0 0 1 0 0 0 0
181 11287 367 366 14 0 0 1 0 0 0 0 1 0 0 0 0
182 11270 374 373 17 0 0 1 0 0 0 0 1 0 0 0 0
183 11253 382 381 18 0 0 1 0 0 0 0 1 0 0 0 0
184 11235 390 389 20 0 0 1 0 0 0 0 1 0 0 0 0
185 11212 401 400 21 0 0 1 0 0 0 0 1 0 0 0 0
186 11202 406 405 21 0 0 1 0 0 0 0 1 0 0 0 0
187 11188 413 412 21 0 0 1 0 0 0 0 1 0 0 0 0
188 11179 417 416 22 0 0 1 0 0 0 0 1 0 0 0 0
189 11163 425 423 21 0 0 2 0 0 0 0 2 0 0 0 0
190 11145 434 432 21 0 0 2 0 0 0 0 2 0 0 0 0
191 11131 441 439 21 0 0 2 0 0 0 0 2 0 0 0 0
192 11111 450 448 23 0 0 2 0 0 0 0 2 0 0 0 0
193 11095 458 456 23 0 0 2 0 0 0 0 2 0 0 0 0
194 11083 464 461 22 0 0 3 0 0 0 0 3 0 0 0 0
195 11074 468 464 22 0 0 4 0 0 0 0 4 0 0 0 0
196 11056 476 472 24 0 0 4 0 0 0 0 4 0 0 0 0
197 11040 484 480 24 0 0 4 0 0 0 0 4 0 0 0 0
198 11032 489 485 22 0 0 4 0 0 0 0 4 0 0 0 0
199 11005 502 498 23 0 0 4 0 0 0 0 4 0 0 0 0
200 10985 512 508 23 0 0 4 0 0 0 0 4 0 0 0 0
201 10975 517 513 23 0 0 4 0 0 0 0 4 0 0 0 0
202 10959 525 521 23 0 0 4 0 0 0 0 4 0 0 0 0
203 10966 522 518 22 0 0 4 0 0 0 0 4 0 0 0 0
204 10954 528 524 22 0 0 4 0 0 0 0 4 0 0 0 0
205 10942 533 529 24 0 0 4 0 0 0 0 4 0 0 0 0
206 10935 536 532 25 0 0 4 0 0 0 0 4 0 0 0 0
207 10926 540 536 26 0 0 4 0 0 0 0 4 0 0 0 0
208 10918 544 540 26 0 0 4 0 0 0 0 4 0 0 0 0
209 10902 552 547 25 0 0 5 0 0 0 0 5 0 0 0 0
210 10888 559 554 25 0 0 5 0 0 0 0 5 0 0 0 0
211 10882 562 557 25 0 0 5 0 0 0 0 5 0 0 0 0
212 10871 567 563 25 0 0 5 0 0 1 0 4 0 0 0 0
213 10868 569 565 24 0 0 5 0 0 1 0 4 0 0 0 0
214 10861 572 568 25 0 0 5 0 0 1 0 4 0 0 0 0
215 10869 569 565 23 0 0 5 0 0 1 0 4 0 0 0 0
216 10867 570 566 23 0 0 5 0 0 1 0 4 0 0 0 0
217 10855 576 572 23 0 0 5 0 0 1 0 4 0 0 0 0
218 10839 584 580 23 0 0 5 0 0 1 0 4 0 0 0 0
219 10831 588 583 22 0 0 6 0 0 1 0 5 0 0 0 0
220 10827 590 585 22 0 0 6 0 0 1 0 5 0 0 0 0
221 10827 590 585 22 0 0 6 0 0 1 0 5 0 0 0 0
222 10814 596 591 23 0 0 6 0 0 1 0 5 0 0 0 0
223 10812 597 591 22 0 0 7 0 0 1 0 6 0 0 0 0
224 10807 599 593 23 0 0 7 0 0 1 0 6 0 0 0 0
225 10801 602 596 23 0 0 7 0 0 1 0 6 0 0 0 0
226 10804 601 596 21 0 0 7 0 0 2 0 5 0 0 0 0
227 10798 605 600 19 0 0 7 0 0 2 0 5 0 0 0 0
228 10811 599 594 18 0 0 7 0 0 2 0 5 0 0 0 0
229 10813 598 593 18 0 0 7 0 0 2 0 5 0 0 0 0
230 10798 605 600 19 0 0 7 0 0 2 0 5 0 0 0 0
231 10793 608 603 18 0 0 7 0 0 2 0 5 0 0 0 0
232 10790 609 604 19 0 0 7 0 0 2 0 5 0 0 0 0
233 10788 610 605 19 0 0 7 0 0 2 0 5 0 0 0 0
234 10773 617 612 20 0 0 7 0 0 2 0 5 0 0 0 0
235 10763 622 617 20 0 0 7 0 0 2 0 5 0 0 0 0
236 10753 627 622 20 0 0 7 0 0 2 0 5 0 0 0 0
237 10745 629 624 24 0 0 7 0 0 2 0 5 0 0 0 0
238 10733 635 629 23 0 0 8 0 0 2 0 6 0 0 0 0
239 10723 639 633 25 0 0 8 0 0 2 0 6 0 0 0 0
240 10715 643 637 25 0 0 8 0 0 2 0 6 0 0 0 0
241 10712 644 637 25 0 0 9 0 0 2 0 7 0 0 0 0
242 10700 650 643 25 0 0 9 0 0 2 0 7 0 0 0 0
243 10692 654 647 25 0 0 9 0 0 2 0 7 0 0 0 0
244 10685 657 650 26 0 0 9 0 0 2 0 7 0 0 0 0
245 10679 660 653 26 0 0 9 0 0 2 0 7 0 0 0 0
246 10665 667 660 26 0 0 9 0 0 2 0 7 0 0 0 0
247 10656 671 664 27 0 0 9 0 0 2 0 7 0 0 0 0
248 10640 679 672 27 0 0 9 0 0 2 0 7 0 0 0 0
249 10623 687 680 28 0 0 9 0 0 2 0 7 0 0 0 0
250 10614 692 685 27 0 0 9 0 0 2 0 7 0 0 0 0
251 10601 698 690 27 0 0 10 0 0 2 0 8 0 0 0 0
252 10597 699 692 28 0 0 10 0 0 3 0 7 0 0 0 0
253 10594 700 693 29 0 0 10 0 0 3 0 7 0 0 0 0
254 10582 706 699 29 0 0 10 0 0 3 0 7 0 0 0 0
255 10575 709 702 30 0 0 10 0 0 3 0 7 0 0 0 0
256 10555 718 711 32 0 0 10 0 0 3 0 7 0 0 0 0
257 10548 721 714 33 0 0 10 0 0 3 0 7 0 0 0 0
258 10549 721 714 32 0 0 10 0 0 3 0 7 0 0 0 0
259 10537 727 720 32 0 0 10 0 0 3 0 7 0 0 0 0
260 10525 733 725 31 0 0 11 0 0 3 0 8 0 0 0 0
261 10513 738 729 32 0 0 12 0 0 3 0 9 0 0 0 0
262 10499 745 736 32 0 0 12 0 0 3 0 9 0 0 0 0
263 10485 751 742 34 0 0 12 0 0 3 0 9 0 0 0 0
264 10481 752 743 36 0 0 12 0 0 3 0 9 0 0 0 0
265 10477 753 744 38 0 0 12 0 0 3 0 9 0 0 0 0
266 10454 764 755 39 0 0 12 0 0 3 0 9 0 0 0 0
267 10439 772 763 36 0 0 13 0 0 4 0 9 0 0 0 0
268 10422 780 771 37 0 0 13 0 0 4 0 9 0 0 0 0
269 10401 789 780 40 0 0 13 0 0 4 0 9 0 0 0 0
270 10391 793 784 42 0 0 13 0 0 4 0 9 0 0 0 0
271 10357 809 800 44 0 0 13 0 0 4 0 9 0 0 0 0
272 10348 813 804 45 0 0 13 0 0 4 0 9 0 0 0 0
273 10326 823 814 47 0 0 13 0 0 4 0 9 0 0 0 0
274 10306 833 823 46 0 0 14 0 0 4 0 10 0 0 0 0
275 10276 846 835 49 0 0 15 0 0 4 0 11 0 0 0 0
276 10260 853 842 49 0 0 15 1 0 4 0 12 0 0 0 0
277 10241 861 850 52 0 0 15 1 0 4 0 12 0 0 0 0
278 10225 868 857 54 0 0 15 1 0 4 0 12 0 0 0 0
279 10203 877 866 58 0 0 15 1 0 4 0 12 0 0 0 0
280 10192 882 871 59 0 0 15 1 0 4 0 12 0 0 0 0
281 10171 891 880 62 0 0 15 1 0 4 0 12 0 0 0 0
282 10145 902 891 66 0 0 15 1 0 4 0 12 0 0 0 0
283 10133 907 895 67 0 0 16 1 0 4 0 13 0 0 0 0
284 10118 913 901 70 0 0 16 1 0 4 0 13 0 0 0 0
285 10094 925 913 70 0 0 16 1 0 4 0 13 0 0 0 0
286 10075 935 923 69 0 0 16 1 0 4 0 13 0 0 0 0
287 10072 937 925 68 0 0 16 1 0 4 0 13 0 0 0 0
288 10042 951 939 70 0 0 16 1 0 4 0 13 0 0 0 0
289 10035 954 942 71 0 0 16 1 0 4 0 13 0 0 0 0
290 10028 957 945 72 0 0 16 1 0 4 0 13 0 0 0 0
291 10017 961 949 75 0 0 16 1 0 4 0 13 0 0 0 0
292 10003 967 955 77 0 0 16 1 0 4 0 13 0 0 0 0
293 9993 971 959 79 0 0 16 1 0 4 0 13 0 0 0 0
294 9984 976 964 78 0 0 16 1 0 4 0 13 0 0 0 0
295 9967 983 971 81 0 0 16 1 0 4 0 13 0 0 0 0
296 9955 987 975 85 0 0 16 1 0 4 0 13 0 0 0 0
297 9948 991 979 84 0 0 16 1 0 4 0 13 0 0 0 0
298 9941 993 981 87 0 0 16 1 0 4 0 13 0 0 0 0
299 9929 999 987 87 0 0 16 1 0 4 0 13 0 0 0 0
300 9913 1006 993 88 0 0 17 1 0 4 0 14 0 0 0 0
301 9902 1012 998 86 0 0 18 1 0 4 0 15 0 0 0 0
302 9891 1016 1001 88 0 0 19 1 0 4 0 16 0 0 0 0
303 9883 1020 1005 88 0 0 19 1 0 4 0 16 0 0 0 0
304 9877 1024 1008 85 0 0 20 1 0 4 0 17 0 0 0 0
305 9866 1029 1012 85 0 0 21 1 0 4 0 18 0 0 0 0
306 9854 1035 1018 85 0 0 21 1 0 4 0 18 0 0 0 0
307 9852 1035 1017 86 0 0 22 1 0 4 0 19 0 0 0 0
308 9846 1038 1019 85 0 0 23 1 0 4 0 20 0 0 0 0
309 9832 1043 1024 89 0 0 23 1 0 4 0 20 0 0 0 0
310 9818 1049 1029 90 0 0 24 1 0 4 0 21 0 0 0 0
311 9808 1054 1034 90 0 0 24 1 0 4 0 21 0 0 0 0
312 9799 1057 1037 91 0 0 25 1 0 5 0 21 0 0 0 0
313 9795 1058 1036 91 0 0 27 1 0 5 0 23 0 0 0 0
314 9788 1060 1038 94 0 0 27 1 0 5 0 23 0 0 0 0
315 9783 1061 1040 96 0 0 26 2 0 5 0 23 0 0 0 0
316 9783 1060 1040 97 0 0 26 2 0 6 0 22 0 0 0 0
317 9781 1061 1041 97 0 0 26 2 0 6 0 22 0 0 0 0
318 9769 1067 1045 95 0 0 28 2 0 6 0 24 0 0 0 0
319 9770 1066 1044 96 0 0 28 2 0 6 0 24 0 0 0 0
320 9766 1068 1046 96 0 0 28 2 0 6 0 24 0 0 0 0
321 9755 1073 1050 96 0 0 29 2 0 6 0 25 0 0 0 0
322 9758 1072 1049 95 0 0 29 2 0 6 0 25 0 0 0 0
323 9762 1069 1047 96 0 0 29 2 0 7 0 24 0 0 0 0
324 9753 1073 1049 95 0 0 31 2 0 7 0 26 0 0 0 0
325 9749 1075 1049 93 0 0 33 2 0 7 0 28 0 0 0 0
326 9749 1074 1048 95 0 0 33 2 0 7 0 28 0 0 0 0
327 9749 1075 1048 92 0 0 34 2 0 7 0 29 0 0 0 0
328 9734 1082 1055 93 0 0 34 2 0 7 0 29 0 0 0 0
329 9723 1087 1060 94 0 0 34 2 0 7 0 29 0 0 0 0
330 9723 1087 1059 93 0 0 35 2 0 7 0 30 0 0 0 0
331 9725 1086 1057 92 0 0 36 2 0 7 0 31 0 0 0 0
332 9719 1088 1059 94 0 0 36 2 0 7 0 31 0 0 0 0
333 9721 1086 1058 95 0 0 35 3 0 7 0 31 0 0 0 0
334 9709 1091 1063 95 0 0 36 3 0 8 0 31 0 0 0 0
335 9700 1095 1067 96 0 0 36 3 0 8 0 31 0 0 0 0
336 9689 1099 1071 99 0 0 36 3 0 8 0 31 0 0 0 0
337 9679 1104 1076 99 0 0 36 3 0 8 0 31 0 0 0 0
338 9667 1109 1081 101 0 0 36 3 0 8 0 31 0 0 0 0
339 9651 1116 1086 101 0 0 38 3 0 8 0 33 0 0 0 0
340 9657 1111 1081 105 0 0 38 3 0 8 0 33 0 0 0 0
341 9662 1108 1079 105 0 0 38 3 0 9 0 32 0 0 0 0
342 9652 1115 1085 102 0 0 38 3 0 8 0 33 0 0 0 0
343 9655 1113 1082 102 0 0 39 3 0 8 0 34 0 0 0 0
344 9645 1118 1087 102 0 0 39 3 0 8 0 34 0 0 0 0
345 9652 1115 1083 100 0 0 40 3 0 8 0 35 0 0 0 0
346 9644 1117 1086 103 0 0 39 4 0 8 0 35 0 0 0 0
347 9643 1117 1085 103 0 0 40 4 0 8 0 36 0 0 0 0
348 9626 1125 1093 104 0 0 40 4 0 8 0 36 0 0 0 0
349 9617 1130 1098 103 0 0 40 4 0 8 0 36 0 0 0 0
350 9616 1130 1098 104 0 0 40 4 0 8 0 36 0 0 0 0
351 9611 1133 1100 102 0 0 41 4 0 8 0 37 0 0 0 0
352 9599 1139 1105 101 0 0 42 4 0 8 0 38 0 0 0 0
353 9598 1140 1106 100 0 0 42 4 0 8 0 38 0 0 0 0
354 9582 1148 1114 100 0 0 42 4 0 8 0 38 0 0 0 0
355 9562 1155 1120 105 0 0 43 4 0 8 0 39 0 0 0 0
356 9552 1159 1124 107 0 0 43 4 0 8 0 39 0 0 0 0
357 9551 1159 1124 106 0 0 44 4 0 9 0 39 0 0 0 0
358 9542 1165 1129 104 0 0 45 3 0 9 0 39 0 0 0 0
359 9554 1159 1122 103 0 0 46 3 0 9 0 40 0 0 0 0
360 9554 1160 1123 101 0 0 46 3 0 9 0 40 0 0 0 0
361 9552 1161 1125 100 0 0 46 3 0 10 0 39 0 0 0 0
362 9554 1160 1123 99 0 0 47 3 0 10 0 40 0 0 0 0
363 9540 1166 1130 100 0 0 47 3 0 11 0 39 0 0 0 0
364 9524 1172 1136 104 0 0 47 3 0 11 0 39 0 0 0 0
365 9514 1175 1138 105 0 0 49 3 0 12 0 40 0 0 0 0
366 9502 1179 1142 109 0 0 49 3 0 12 0 40 0 0 0 0
367 9496 1180 1142 112 0 0 50 3 0 12 0 41 0 0 0 0
368 9484 1185 1147 114 0 0 50 3 0 12 0 41 0 0 0 0
369 9463 1194 1155 116 0 0 51 3 0 12 0 42 0 0 0 0
370 9445 1202 1163 118 0 0 51 3 0 12 0 42 0 0 0 0
371 9439 1204 1165 120 0 0 51 3 0 12 0 42 0 0 0 0
372 9419 1214 1175 120 0 0 51 3 0 12 0 42 0 0 0 0
373 9395 1224 1185 124 0 0 51 3 0 12 0 42 0 0 0 0
374 9375 1232 1192 127 0 0 52 3 0 12 0 43 0 0 0 0
375 9357 1238 1198 133 0 0 52 3 0 12 0 43 0 0 0 0
376 9348 1243 1203 132 0 0 52 3 0 12 0 43 0 0 0 0
377 9338 1245 1204 137 0 0 53 3 0 12 0 44 0 0 0 0
378 9326 1250 1209 139 0 0 53 3 0 12 0 44 0 0 0 0
379 9301 1261 1220 142 0 0 53 3 0 12 0 44 0 0 0 0
380 9294 1265 1223 140 0 0 54 3 0 12 0 45 0 0 0 0
381 9282 1270 1227 139 0 0 56 3 0 13 0 46 0 0 0 0
382 9269 1275 1231 141 0 0 57 3 0 13 0 47 0 0 0 0
383 9260 1278 1234 144 0 0 57 3 0 13 0 47 0 0 0 0
384 9260 1277 1232 145 0 0 58 3 0 13 0 48 0 0 0 0
385 9257 1277 1232 146 0 0 58 4 0 13 0 49 0 0 0 0
386 9231 1287 1243 151 0 0 58 4 0 14 0 48 0 0 0 0
387 9218 1294 1248 148 0 0 60 4 0 14 0 50 0 0 0 0
388 9212 1297 1251 148 0 0 60 4 0 14 0 50 0 0 0 0
389 9206 1299 1254 149 0 0 60 4 0 15 0 49 0 0 0 0
390 9203 1301 1256 146 0 0 60 5 0 15 0 50 0 0 0 0
391 9179 1312 1265 146 0 0 62 5 0 15 0 52 0 0 0 0
392 9168 1317 1270 147 0 0 62 5 0 15 0 52 0 0 0 0
393 9170 1317 1270 145 0 0 62 5 0 15 0 52 0 0 0 0
394 9161 1321 1272 142 0 0 64 6 0 15 0 55 0 0 0 0
395 9150 1328 1278 138 0 0 65 6 0 15 0 56 0 0 0 0
396 9155 1326 1276 137 0 0 65 6 0 15 0 56 0 0 0 0
397 9147 1329 1279 139 0 0 65 6 0 15 0 56 0 0 0 0
398 9126 1339 1289 140 0 0 65 6 0 15 0 56 0 0 0 0
399 9107 1347 1297 143 0 0 65 6 0 15 0 56 0 0 0 0
400 9106 1347 1297 144 0 0 65 6 0 15 0 56 0 0 0 0
401 9110 1345 1295 142 0 0 65 7 0 15 0 57 0 0 0 0
402 9114 1343 1292 141 0 0 66 7 0 15 0 58 0 0 0 0
403 9114 1341 1290 145 0 0 66 7 0 15 0 58 0 0 0 0
404 9098 1348 1297 147 0 0 66 7 0 15 0 58 0 0 0 0
405 9097 1349 1297 145 0 0 67 7 0 15 0 59 0 0 0 0
406 9095 1349 1295 143 0 0 70 7 0 16 0 61 0 0 0 0
407 9085 1353 1299 145 0 0 70 7 0 16 0 61 0 0 0 0
408 9096 1347 1294 145 0 0 69 8 0 16 0 61 0 0 0 0
409 9091 1350 1297 144 0 0 69 8 0 16 0 61 0 0 0 0
410 9088 1351 1296 143 0 0 71 8 0 16 0 63 0 0 0 0
411 9096 1346 1293 143 0 0 71 8 0 18 0 61 0 0 0 0
412 9083 1352 1299 142 0 0 71 9 0 18 0 62 0 0 0 0
413 9080 1352 1298 142 0 0 73 9 0 19 0 63 0 0 0 0
414 9072 1356 1301 141 0 0 74 9 0 19 0 64 0 0 0 0
415 9060 1360 1306 144 0 0 74 9 0 20 0 63 0 0 0 0
416 9058 1362 1308 142 0 0 74 9 0 20 0 63 0 0 0 0
417 9062 1361 1308 139 0 0 74 9 0 21 0 62 0 0 0 0
418 9056 1363 1310 139 0 0 75 9 0 22 0 62 0 0 0 0
419 9053 1363 1310 140 0 0 76 9 0 23 0 62 0 0 0 0
420 9036 1373 1319 138 0 0 76 9 0 22 0 63 0 0 0 0
421 9041 1369 1316 138 0 0 76 10 0 23 0 63 0 0 0 0
422 9038 1370 1316 136 0 0 78 10 0 24 0 64 0 0 0 0
423 9043 1367 1312 136 0 0 79 10 0 24 0 65 0 0 0 0
424 9049 1366 1308 131 0 0 82 9 0 24 0 67 0 0 0 0
425 9039 1370 1312 133 0 0 82 9 0 24 0 67 0 0 0 0
426 9040 1370 1312 132 0 0 82 9 0 24 0 67 0 0 0 0
427 9035 1372 1314 133 0 0 82 9 0 24 0 67 0 0 0 0
428 9037 1372 1314 131 0 0 82 9 0 24 0 67 0 0 0 0
429 9047 1367 1309 131 0 0 82 9 0 24 0 67 0 0 0 0
430 9048 1367 1308 129 0 0 83 9 0 24 0 68 0 0 0 0
431 9040 1371 1312 127 0 0 84 9 0 25 0 68 0 0 0 0
432 9037 1373 1314 126 0 0 84 9 0 25 0 68 0 0 0 0
433 9038 1372 1313 127 0 0 84 9 0 25 0 68 0 0 0 0
434 9044 1368 1309 128 0 0 84 9 0 25 0 68 0 0 0 1
435 9051 1365 1306 127 0 0 84 9 0 25 0 68 0 0 0 1
436 9050 1365 1306 128 0 0 84 9 0 25 0 68 0 0 0 1
437 9049 1364 1305 131 0 0 84 9 0 25 0 68 0 0 0 1
438 9047 1364 1304 132 0 0 85 9 0 25 0 69 0 0 0 1
439 9048 1363 1301 131 0 0 87 9 0 25 0 71 0 0 0 1
440 9067 1354 1291 129 0 0 88 9 0 25 0 72 0 0 0 1
441 9058 1358 1295 130 0 0 88 9 0 25 0 72 0 0 0 1
442 9056 1359 1295 130 0 0 89 8 0 25 0 72 0 0 0 2
443 9063 1356 1292 127 0 0 90 8 0 26 0 72 0 0 0 2
444 9051 1359 1296 132 0 0 90 8 0 27 0 71 0 0 0 2
