0 2006 0 0 0 0 0 0 0 0 0 0 0 0 0 0 0
1 12034 1 1 0 0 0 0 0 0 0 0 0 0 0 0 0
2 12034 1 1 0 0 0 0 0 0 0 0 0 0 0 0 0
3 12032 2 2 0 0 0 0 0 0 0 0 0 0 0 0 0
4 12028 4 4 0 0 0 0 0 0 0 0 0 0 0 0 0
5 12028 4 4 0 0 0 0 0 0 0 0 0 0 0 0 0
6 12024 6 6 0 0 0 0 0 0 0 0 0 0 0 0 0
7 12022 7 7 0 0 0 0 0 0 0 0 0 0 0 0 0
8 12020 8 8 0 0 0 0 0 0 0 0 0 0 0 0 0
9 12020 8 8 0 0 0 0 0 0 0 0 0 0 0 0 0
10 12016 10 10 0 0 0 0 0 0 0 0 0 0 0 0 0
11 12012 12 12 0 0 0 0 0 0 0 0 0 0 0 0 0
12 12012 12 12 0 0 0 0 0 0 0 0 0 0 0 0 0
13 12012 12 12 0 0 0 0 0 0 0 0 0 0 0 0 0
14 12008 14 14 0 0 0 0 0 0 0 0 0 0 0 0 0
15 11998 19 19 0 0 0 0 0 0 0 0 0 0 0 0 0
16 11998 19 19 0 0 0 0 0 0 0 0 0 0 0 0 0
17 12000 18 18 0 0 0 0 0 0 0 0 0 0 0 0 0
18 12000 18 18 0 0 0 0 0 0 0 0 0 0 0 0 0
19 11998 19 19 0 0 0 0 0 0 0 0 0 0 0 0 0
20 11996 20 20 0 0 0 0 0 0 0 0 0 0 0 0 0
21 11996 20 20 0 0 0 0 0 0 0 0 0 0 0 0 0
22 11994 21 21 0 0 0 0 0 0 0 0 0 0 0 0 0
23 11992 22 22 0 0 0 0 0 0 0 0 0 0 0 0 0
24 11992 22 22 0 0 0 0 0 0 0 0 0 0 0 0 0
25 11992 22 22 0 0 0 0 0 0 0 0 0 0 0 0 0
26 11992 22 22 0 0 0 0 0 0 0 0 0 0 0 0 0
27 11994 21 21 0 0 0 0 0 0 0 0 0 0 0 0 0
28 11992 22 22 0 0 0 0 0 0 0 0 0 0 0 0 0
29 11988 24 24 0 0 0 0 0 0 0 0 0 0 0 0 0
30 11988 24 24 0 0 0 0 0 0 0 0 0 0 0 0 0
31 11990 23 23 0 0 0 0 0 0 0 0 0 0 0 0 0
32 11990 23 23 0 0 0 0 0 0 0 0 0 0 0 0 0
33 11988 24 24 0 0 0 0 0 0 0 0 0 0 0 0 0
34 11988 24 24 0 0 0 0 0 0 0 0 0 0 0 0 0
35 11988 24 24 0 0 0 0 0 0 0 0 0 0 0 0 0
36 11984 26 26 0 0 0 0 0 0 0 0 0 0 0 0 0
37 11984 26 26 0 0 0 0 0 0 0 0 0 0 0 0 0
38 11980 28 28 0 0 0 0 0 0 0 0 0 0 0 0 0
39 11978 29 29 0 0 0 0 0 0 0 0 0 0 0 0 0
40 11978 29 29 0 0 0 0 0 0 0 0 0 0 0 0 0
41 11976 30 30 0 0 0 0 0 0 0 0 0 0 0 0 0
42 11974 31 31 0 0 0 0 0 0 0 0 0 0 0 0 0
43 11974 31 31 0 0 0 0 0 0 0 0 0 0 0 0 0
44 11972 32 32 0 0 0 0 0 0 0 0 0 0 0 0 0
45 11970 33 33 0 0 0 0 0 0 0 0 0 0 0 0 0
46 11966 35 35 0 0 0 0 0 0 0 0 0 0 0 0 0
47 11966 35 35 0 0 0 0 0 0 0 0 0 0 0 0 0
48 11966 35 35 0 0 0 0 0 0 0 0 0 0 0 0 0
49 11966 35 35 0 0 0 0 0 0 0 0 0 0 0 0 0
50 11964 36 36 0 0 0 0 0 0 0 0 0 0 0 0 0
51 11960 38 38 0 0 0 0 0 0 0 0 0 0 0 0 0
52 11952 42 42 0 0 0 0 0 0 0 0 0 0 0 0 0
53 11954 41 41 0 0 0 0 0 0 0 0 0 0 0 0 0
54 11954 41 41 0 0 0 0 0 0 0 0 0 0 0 0 0
55 11954 41 41 0 0 0 0 0 0 0 0 0 0 0 0 0
56 11956 40 40 0 0 0 0 0 0 0 0 0 0 0 0 0
57 11954 41 41 0 0 0 0 0 0 0 0 0 0 0 0 0
58 11952 42 42 0 0 0 0 0 0 0 0 0 0 0 0 0
59 11952 42 42 0 0 0 0 0 0 0 0 0 0 0 0 0
60 11950 43 43 0 0 0 0 0 0 0 0 0 0 0 0 0
61 11948 44 44 0 0 0 0 0 0 0 0 0 0 0 0 0
62 11948 44 44 0 0 0 0 0 0 0 0 0 0 0 0 0
63 11946 45 45 0 0 0 0 0 0 0 0 0 0 0 0 0
64 11944 46 46 0 0 0 0 0 0 0 0 0 0 0 0 0
65 11940 48 48 0 0 0 0 0 0 0 0 0 0 0 0 0
66 11938 49 49 0 0 0 0 0 0 0 0 0 0 0 0 0
67 11936 50 50 0 0 0 0 0 0 0 0 0 0 0 0 0
68 11930 53 53 0 0 0 0 0 0 0 0 0 0 0 0 0
69 11928 54 54 0 0 0 0 0 0 0 0 0 0 0 0 0
70 11928 54 54 0 0 0 0 0 0 0 0 0 0 0 0 0
71 11926 55 55 0 0 0 0 0 0 0 0 0 0 0 0 0
72 11922 57 57 0 0 0 0 0 0 0 0 0 0 0 0 0
73 11916 60 60 0 0 0 0 0 0 0 0 0 0 0 0 0
74 11916 60 60 0 0 0 0 0 0 0 0 0 0 0 0 0
75 11914 61 61 0 0 0 0 0 0 0 0 0 0 0 0 0
76 11914 61 61 0 0 0 0 0 0 0 0 0 0 0 0 0
77 11912 62 62 0 0 0 0 0 0 0 0 0 0 0 0 0
78 11912 62 62 0 0 0 0 0 0 0 0 0 0 0 0 0
79 11908 64 64 0 0 0 0 0 0 0 0 0 0 0 0 0
80 11910 63 63 0 0 0 0 0 0 0 0 0 0 0 0 0
81 11908 64 64 0 0 0 0 0 0 0 0 0 0 0 0 0
82 11906 65 65 0 0 0 0 0 0 0 0 0 0 0 0 0
83 11908 64 64 0 0 0 0 0 0 0 0 0 0 0 0 0
84 11912 62 62 0 0 0 0 0 0 0 0 0 0 0 0 0
85 11912 62 62 0 0 0 0 0 0 0 0 0 0 0 0 0
86 11914 61 61 0 0 0 0 0 0 0 0 0 0 0 0 0
87 11912 62 62 0 0 0 0 0 0 0 0 0 0 0 0 0
88 11910 63 63 0 0 0 0 0 0 0 0 0 0 0 0 0
89 11912 62 62 0 0 0 0 0 0 0 0 0 0 0 0 0
90 11916 60 60 0 0 0 0 0 0 0 0 0 0 0 0 0
91 11916 60 60 0 0 0 0 0 0 0 0 0 0 0 0 0
92 11912 62 62 0 0 0 0 0 0 0 0 0 0 0 0 0
93 11910 63 63 0 0 0 0 0 0 0 0 0 0 0 0 0
94 11912 62 62 0 0 0 0 0 0 0 0 0 0 0 0 0
95 11912 62 62 0 0 0 0 0 0 0 0 0 0 0 0 0
96 11912 62 62 0 0 0 0 0 0 0 0 0 0 0 0 0
97 11910 63 63 0 0 0 0 0 0 0 0 0 0 0 0 0
98 11904 66 66 0 0 0 0 0 0 0 0 0 0 0 0 0
99 11904 66 66 0 0 0 0 0 0 0 0 0 0 0 0 0
100 11902 67 67 0 0 0 0 0 0 0 0 0 0 0 0 0
101 11900 68 68 0 0 0 0 0 0 0 0 0 0 0 0 0
102 11898 69 69 0 0 0 0 0 0 0 0 0 0 0 0 0
103 11898 69 69 0 0 0 0 0 0 0 0 0 0 0 0 0
104 11898 69 69 0 0 0 0 0 0 0 0 0 0 0 0 0
105 11898 69 69 0 0 0 0 0 0 0 0 0 0 0 0 0
106 11896 70 70 0 0 0 0 0 0 0 0 0 0 0 0 0
107 11894 71 71 0 0 0 0 0 0 0 0 0 0 0 0 0
108 11888 74 74 0 0 0 0 0 0 0 0 0 0 0 0 0
109 11888 74 74 0 0 0 0 0 0 0 0 0 0 0 0 0
110 11888 74 74 0 0 0 0 0 0 0 0 0 0 0 0 0
111 11888 74 74 0 0 0 0 0 0 0 0 0 0 0 0 0
112 11890 73 73 0 0 0 0 0 0 0 0 0 0 0 0 0
113 11890 73 73 0 0 0 0 0 0 0 0 0 0 0 0 0
114 11888 74 74 0 0 0 0 0 0 0 0 0 0 0 0 0
115 11888 74 74 0 0 0 0 0 0 0 0 0 0 0 0 0
116 11884 76 76 0 0 0 0 0 0 0 0 0 0 0 0 0
117 11884 76 76 0 0 0 0 0 0 0 0 0 0 0 0 0
118 11882 77 77 0 0 0 0 0 0 0 0 0 0 0 0 0
119 11884 76 76 0 0 0 0 0 0 0 0 0 0 0 0 0
120 11878 79 79 0 0 0 0 0 0 0 0 0 0 0 0 0
121 11878 79 79 0 0 0 0 0 0 0 0 0 0 0 0 0
122 11880 78 78 0 0 0 0 0 0 0 0 0 0 0 0 0
123 11880 78 78 0 0 0 0 0 0 0 0 0 0 0 0 0
124 11880 78 78 0 0 0 0 0 0 0 0 0 0 0 0 0
125 11874 81 81 0 0 0 0 0 0 0 0 0 0 0 0 0
126 11876 80 80 0 0 0 0 0 0 0 0 0 0 0 0 0
127 11878 79 79 0 0 0 0 0 0 0 0 0 0 0 0 0
128 11880 78 78 0 0 0 0 0 0 0 0 0 0 0 0 0
129 11876 80 80 0 0 0 0 0 0 0 0 0 0 0 0 0
130 11876 80 80 0 0 0 0 0 0 0 0 0 0 0 0 0
131 11874 81 81 0 0 0 0 0 0 0 0 0 0 0 0 0
132 11876 80 80 0 0 0 0 0 0 0 0 0 0 0 0 0
133 11874 81 81 0 0 0 0 0 0 0 0 0 0 0 0 0
134 11876 80 80 0 0 0 0 0 0 0 0 0 0 0 0 0
135 11874 81 81 0 0 0 0 0 0 0 0 0 0 0 0 0
136 11870 83 83 0 0 0 0 0 0 0 0 0 0 0 0 0
137 11868 84 84 0 0 0 0 0 0 0 0 0 0 0 0 0
138 11870 83 83 0 0 0 0 0 0 0 0 0 0 0 0 0
139 11866 85 85 0 0 0 0 0 0 0 0 0 0 0 0 0
140 11864 86 86 0 0 0 0 0 0 0 0 0 0 0 0 0
141 11856 90 90 0 0 0 0 0 0 0 0 0 0 0 0 0
142 11854 91 91 0 0 0 0 0 0 0 0 0 0 0 0 0
143 11854 91 91 0 0 0 0 0 0 0 0 0 0 0 0 0
144 11850 93 93 0 0 0 0 0 0 0 0 0 0 0 0 0
145 11850 93 93 0 0 0 0 0 0 0 0 0 0 0 0 0
146 11850 93 93 0 0 0 0 0 0 0 0 0 0 0 0 0
147 11842 97 97 0 0 0 0 0 0 0 0 0 0 0 0 0
148 11842 97 97 0 0 0 0 0 0 0 0 0 0 0 0 0
149 11842 97 97 0 0 0 0 0 0 0 0 0 0 0 0 0
150 11840 98 98 0 0 0 0 0 0 0 0 0 0 0 0 0
151 11834 101 101 0 0 0 0 0 0 0 0 0 0 0 0 0
152 11830 103 103 0 0 0 0 0 0 0 0 0 0 0 0 0
153 11829 103 103 1 0 0 0 0 0 0 0 0 0 0 0 0
154 11831 102 102 1 0 0 0 0 0 0 0 0 0 0 0 0
155 11831 102 102 1 0 0 0 0 0 0 0 0 0 0 0 0
156 11829 103 103 1 0 0 0 0 0 0 0 0 0 0 0 0
157 11825 105 105 1 0 0 0 0 0 0 0 0 0 0 0 0
158 11819 108 108 1 0 0 0 0 0 0 0 0 0 0 0 0
159 11819 108 108 1 0 0 0 0 0 0 0 0 0 0 0 0
160 11821 107 107 1 0 0 0 0 0 0 0 0 0 0 0 0
161 11811 112 112 1 0 0 0 0 0 0 0 0 0 0 0 0
162 11811 112 112 1 0 0 0 0 0 0 0 0 0 0 0 0
163 11809 113 113 1 0 0 0 0 0 0 0 0 0 0 0 0
164 11805 115 115 1 0 0 0 0 0 0 0 0 0 0 0 0
165 11795 120 120 1 0 0 0 0 0 0 0 0 0 0 0 0
166 11785 125 125 1 0 0 0 0 0 0 0 0 0 0 0 0
167 11775 130 130 1 0 0 0 0 0 0 0 0 0 0 0 0
168 11765 135 135 1 0 0 0 0 0 0 0 0 0 0 0 0
169 11761 137 137 1 0 0 0 0 0 0 0 0 0 0 0 0
170 11753 141 141 1 0 0 0 0 0 0 0 0 0 0 0 0
171 11751 142 142 1 0 0 0 0 0 0 0 0 0 0 0 0
172 11741 147 147 1 0 0 0 0 0 0 0 0 0 0 0 0
173 11730 152 152 2 0 0 0 0 0 0 0 0 0 0 0 0
174 11720 157 157 2 0 0 0 0 0 0 0 0 0 0 0 0
175 11708 163 163 2 0 0 0 0 0 0 0 0 0 0 0 0
176 11684 175 175 2 0 0 0 0 0 0 0 0 0 0 0 0
177 11666 184 184 2 0 0 0 0 0 0 0 0 0 0 0 0
178 11656 189 189 2 0 0 0 0 0 0 0 0 0 0 0 0
179 11640 197 197 2 0 0 0 0 0 0 0 0 0 0 0 0
180 11632 201 201 2 0 0 0 0 0 0 0 0 0 0 0 0
181 11607 213 213 3 0 0 0 0 0 0 0 0 0 0 0 0
182 11590 221 221 4 0 0 0 0 0 0 0 0 0 0 0 0
183 11580 226 226 4 0 0 0 0 0 0 0 0 0 0 0 0
184 11573 229 229 5 0 0 0 0 0 0 0 0 0 0 0 0
185 11557 237 237 5 0 0 0 0 0 0 0 0 0 0 0 0
186 11547 242 242 5 0 0 0 0 0 0 0 0 0 0 0 0
187 11533 249 249 5 0 0 0 0 0 0 0 0 0 0 0 0
188 11525 253 253 5 0 0 0 0 0 0 0 0 0 0 0 0
189 11515 258 258 5 0 0 0 0 0 0 0 0 0 0 0 0
190 11511 260 260 5 0 0 0 0 0 0 0 0 0 0 0 0
191 11495 268 268 5 0 0 0 0 0 0 0 0 0 0 0 0
192 11490 271 271 4 0 0 0 0 0 0 0 0 0 0 0 0
193 11482 275 275 4 0 0 0 0 0 0 0 0 0 0 0 0
194 11482 275 275 4 0 0 0 0 0 0 0 0 0 0 0 0
195 11463 284 284 5 0 0 0 0 0 0 0 0 0 0 0 0
196 11447 292 292 5 0 0 0 0 0 0 0 0 0 0 0 0
197 11435 298 298 5 0 0 0 0 0 0 0 0 0 0 0 0
198 11431 300 300 5 0 0 0 0 0 0 0 0 0 0 0 0
199 11425 303 303 5 0 0 0 0 0 0 0 0 0 0 0 0
200 11427 302 302 5 0 0 0 0 0 0 0 0 0 0 0 0
201 11418 306 306 6 0 0 0 0 0 0 0 0 0 0 0 0
202 11416 307 307 6 0 0 0 0 0 0 0 0 0 0 0 0
203 11402 314 314 6 0 0 0 0 0 0 0 0 0 0 0 0
204 11388 321 321 6 0 0 0 0 0 0 0 0 0 0 0 0
205 11380 325 325 6 0 0 0 0 0 0 0 0 0 0 0 0
206 11372 329 329 6 0 0 0 0 0 0 0 0 0 0 0 0
207 11366 332 332 6 0 0 0 0 0 0 0 0 0 0 0 0
208 11347 341 341 7 0 0 0 0 0 0 0 0 0 0 0 0
209 11339 345 345 7 0 0 0 0 0 0 0 0 0 0 0 0
210 11329 350 350 7 0 0 0 0 0 0 0 0 0 0 0 0
211 11324 352 352 8 0 0 0 0 0 0 0 0 0 0 0 0
212 11320 354 354 8 0 0 0 0 0 0 0 0 0 0 0 0
213 11308 360 360 8 0 0 0 0 0 0 0 0 0 0 0 0
214 11296 366 366 8 0 0 0 0 0 0 0 0 0 0 0 0
215 11294 367 367 8 0 0 0 0 0 0 0 0 0 0 0 0
216 11284 372 372 8 0 0 0 0 0 0 0 0 0 0 0 0
217 11274 377 377 8 0 0 0 0 0 0 0 0 0 0 0 0
218 11272 378 378 8 0 0 0 0 0 0 0 0 0 0 0 0
219 11266 381 381 8 0 0 0 0 0 0 0 0 0 0 0 0
220 11259 384 384 9 0 0 0 0 0 0 0 0 0 0 0 0
221 11255 386 386 9 0 0 0 0 0 0 0 0 0 0 0 0
222 11248 388 388 12 0 0 0 0 0 0 0 0 0 0 0 0
223 11238 393 393 12 0 0 0 0 0 0 0 0 0 0 0 0
224 11236 394 394 12 0 0 0 0 0 0 0 0 0 0 0 0
225 11239 392 392 13 0 0 0 0 0 0 0 0 0 0 0 0
226 11239 392 392 13 0 0 0 0 0 0 0 0 0 0 0 0
227 11245 389 389 13 0 0 0 0 0 0 0 0 0 0 0 0
228 11235 394 394 13 0 0 0 0 0 0 0 0 0 0 0 0
229 11225 399 399 13 0 0 0 0 0 0 0 0 0 0 0 0
230 11219 402 402 13 0 0 0 0 0 0 0 0 0 0 0 0
231 11213 405 405 13 0 0 0 0 0 0 0 0 0 0 0 0
232 11204 409 409 14 0 0 0 0 0 0 0 0 0 0 0 0
233 11200 410 410 16 0 0 0 0 0 0 0 0 0 0 0 0
234 11194 413 413 16 0 0 0 0 0 0 0 0 0 0 0 0
235 11184 418 418 16 0 0 0 0 0 0 0 0 0 0 0 0
236 11175 422 421 16 0 0 1 0 0 0 0 1 0 0 0 0
237 11171 424 423 16 0 0 1 0 0 0 0 1 0 0 0 0
238 11170 424 423 17 0 0 1 0 0 0 0 1 0 0 0 0
239 11170 424 423 17 0 0 1 0 0 0 0 1 0 0 0 0
240 11171 423 422 18 0 0 1 0 0 0 0 1 0 0 0 0
241 11167 425 424 18 0 0 1 0 0 0 0 1 0 0 0 0
242 11169 424 422 17 0 0 2 0 0 0 0 2 0 0 0 0
243 11159 429 427 17 0 0 2 0 0 0 0 2 0 0 0 0
244 11145 436 434 17 0 0 2 0 0 0 0 2 0 0 0 0
245 11143 437 435 17 0 0 2 0 0 0 0 2 0 0 0 0
246 11138 439 437 18 0 0 2 0 0 0 0 2 0 0 0 0
247 11137 439 437 19 0 0 2 0 0 0 0 2 0 0 0 0
248 11145 435 433 19 0 0 2 0 0 0 0 2 0 0 0 0
249 11145 435 433 19 0 0 2 0 0 0 0 2 0 0 0 0
250 11148 434 431 17 0 0 3 0 0 0 0 3 0 0 0 0
251 11148 434 431 17 0 0 3 0 0 0 0 3 0 0 0 0
252 11144 436 433 17 0 0 3 0 0 0 0 3 0 0 0 0
253 11136 440 437 17 0 0 3 0 0 0 0 3 0 0 0 0
254 11138 439 436 17 0 0 3 0 0 0 0 3 0 0 0 0
255 11137 439 436 18 0 0 3 0 0 0 0 3 0 0 0 0
256 11132 441 438 19 0 0 3 0 0 0 0 3 0 0 0 0
257 11134 440 437 19 0 0 3 0 0 0 0 3 0 0 0 0
258 11133 440 437 20 0 0 3 0 0 0 0 3 0 0 0 0
259 11135 439 436 20 0 0 3 0 0 0 0 3 0 0 0 0
260 11135 439 436 20 0 0 3 0 0 0 0 3 0 0 0 0
261 11125 443 440 22 0 0 3 0 0 0 0 3 0 0 0 0
262 11113 449 446 22 0 0 3 0 0 0 0 3 0 0 0 0
263 11108 451 448 23 0 0 3 0 0 0 0 3 0 0 0 0
264 11104 453 450 23 0 0 3 0 0 0 0 3 0 0 0 0
265 11104 453 450 23 0 0 3 0 0 0 0 3 0 0 0 0
266 11101 455 452 22 0 0 3 0 0 0 0 3 0 0 0 0
267 11110 450 447 23 0 0 3 0 0 0 0 3 0 0 0 0
268 11108 451 448 23 0 0 3 0 0 0 0 3 0 0 0 0
269 11109 451 448 22 0 0 3 0 0 0 0 3 0 0 0 0
270 11110 451 448 21 0 0 3 0 0 0 0 3 0 0 0 0
271 11112 450 447 21 0 0 3 0 0 0 0 3 0 0 0 0
272 11121 445 443 21 0 0 3 0 0 1 0 2 0 0 0 0
273 11123 444 442 21 0 0 3 0 0 1 0 2 0 0 0 0
274 11123 444 442 21 0 0 3 0 0 1 0 2 0 0 0 0
275 11123 444 442 21 0 0 3 0 0 1 0 2 0 0 0 0
276 11126 442 440 22 0 0 3 0 0 1 0 2 0 0 0 0
277 11120 445 443 22 0 0 3 0 0 1 0 2 0 0 0 0
278 11125 443 441 21 0 0 3 0 0 1 0 2 0 0 0 0
279 11127 442 440 21 0 0 3 0 0 1 0 2 0 0 0 0
280 11124 444 442 20 0 0 3 0 0 1 0 2 0 0 0 0
281 11118 447 445 20 0 0 3 0 0 1 0 2 0 0 0 0
282 11122 445 443 20 0 0 3 0 0 1 0 2 0 0 0 0
283 11122 445 443 20 0 0 3 0 0 1 0 2 0 0 0 0
284 11126 443 441 20 0 0 3 0 0 1 0 2 0 0 0 0
285 11127 442 440 21 0 0 3 0 0 1 0 2 0 0 0 0
286 11123 444 442 21 0 0 3 0 0 1 0 2 0 0 0 0
287 11121 445 443 21 0 0 3 0 0 1 0 2 0 0 0 0
288 11129 441 439 21 0 0 3 0 0 1 0 2 0 0 0 0
289 11129 441 439 21 0 0 3 0 0 1 0 2 0 0 0 0
290 11127 442 440 21 0 0 3 0 0 1 0 2 0 0 0 0
291 11129 442 440 19 0 0 3 0 0 1 0 2 0 0 0 0
292 11124 444 442 20 0 0 3 0 0 1 0 2 0 0 0 0
293 11140 436 434 20 0 0 3 0 0 1 0 2 0 0 0 0
294 11141 436 434 19 0 0 3 0 0 1 0 2 0 0 0 0
295 11143 435 433 19 0 0 3 0 0 1 0 2 0 0 0 0
296 11148 433 431 18 0 0 3 0 0 1 0 2 0 0 0 0
297 11151 431 429 19 0 0 3 0 0 1 0 2 0 0 0 0
298 11156 429 427 18 0 0 3 0 0 1 0 2 0 0 0 0
299 11152 431 429 18 0 0 3 0 0 1 0 2 0 0 0 0
300 11146 434 432 18 0 0 3 0 0 1 0 2 0 0 0 0
301 11141 437 435 17 0 0 3 0 0 1 0 2 0 0 0 0
302 11147 434 432 17 0 0 3 0 0 1 0 2 0 0 0 0
303 11138 438 436 18 0 0 3 0 0 1 0 2 0 0 0 0
304 11142 436 434 18 0 0 3 0 0 1 0 2 0 0 0 0
305 11142 436 434 18 0 0 3 0 0 1 0 2 0 0 0 0
306 11140 437 435 18 0 0 3 0 0 1 0 2 0 0 0 0
307 11143 435 433 19 0 0 3 0 0 1 0 2 0 0 0 0
308 11148 433 431 18 0 0 3 0 0 1 0 2 0 0 0 0
309 11148 433 431 18 0 0 3 0 0 1 0 2 0 0 0 0
310 11155 430 428 17 0 0 3 0 0 1 0 2 0 0 0 0
311 11160 428 426 16 0 0 3 0 0 1 0 2 0 0 0 0
312 11156 430 428 16 0 0 3 0 0 1 0 2 0 0 0 0
313 11154 430 428 18 0 0 3 0 0 1 0 2 0 0 0 0
314 11154 430 428 18 0 0 3 0 0 1 0 2 0 0 0 0
315 11150 432 430 18 0 0 3 0 0 1 0 2 0 0 0 0
316 11141 436 435 18 0 0 3 0 0 2 0 1 0 0 0 0
317 11129 442 441 18 0 0 3 0 0 2 0 1 0 0 0 0
318 11129 442 441 18 0 0 3 0 0 2 0 1 0 0 0 0
319 11133 440 439 18 0 0 3 0 0 2 0 1 0 0 0 0
320 11133 440 439 18 0 0 3 0 0 2 0 1 0 0 0 0
321 11135 439 438 18 0 0 3 0 0 2 0 1 0 0 0 0
322 11131 441 440 18 0 0 3 0 0 2 0 1 0 0 0 0
323 11135 439 438 18 0 0 3 0 0 2 0 1 0 0 0 0
324 11143 435 434 18 0 0 3 0 0 2 0 1 0 0 0 0
325 11136 438 437 19 0 0 3 0 0 2 0 1 0 0 0 0
326 11133 439 438 20 0 0 3 0 0 2 0 1 0 0 0 0
327 11137 437 436 20 0 0 3 0 0 2 0 1 0 0 0 0
328 11141 435 434 20 0 0 3 0 0 2 0 1 0 0 0 0
329 11143 434 433 20 0 0 3 0 0 2 0 1 0 0 0 0
330 11137 437 436 20 0 0 3 0 0 2 0 1 0 0 0 0
331 11131 440 439 20 0 0 3 0 0 2 0 1 0 0 0 0
332 11127 442 441 20 0 0 3 0 0 2 0 1 0 0 0 0
333 11132 440 439 19 0 0 3 0 0 2 0 1 0 0 0 0
334 11127 443 442 18 0 0 3 0 0 2 0 1 0 0 0 0
335 11125 444 443 18 0 0 3 0 0 2 0 1 0 0 0 0
336 11122 445 445 18 0 0 3 0 0 3 0 0 0 0 0 0
337 11117 448 448 17 0 0 3 0 0 3 0 0 0 0 0 0
338 11113 450 450 17 0 0 3 0 0 3 0 0 0 0 0 0
339 11115 449 449 17 0 0 3 0 0 3 0 0 0 0 0 0
340 11112 450 450 18 0 0 3 0 0 3 0 0 0 0 0 0
341 11105 454 453 16 0 0 4 0 0 3 0 1 0 0 0 0
342 11103 455 454 16 0 0 4 0 0 3 0 1 0 0 0 0
343 11101 456 455 16 0 0 4 0 0 3 0 1 0 0 0 0
344 11099 456 455 18 0 0 4 0 0 3 0 1 0 0 0 0
345 11087 462 461 18 0 0 4 0 0 3 0 1 0 0 0 0
346 11079 465 464 20 0 0 4 0 0 3 0 1 0 0 0 0
347 11078 466 465 19 0 0 4 0 0 3 0 1 0 0 0 0
348 11074 468 466 18 0 0 5 0 0 3 0 2 0 0 0 0
349 11078 466 464 18 0 0 5 0 0 3 0 2 0 0 0 0
350 11068 471 469 18 0 0 5 0 0 3 0 2 0 0 0 0
351 11044 482 480 20 0 0 5 0 0 3 0 2 0 0 0 0
352 11038 485 483 20 0 0 5 0 0 3 0 2 0 0 0 0
353 11022 493 491 20 0 0 5 0 0 3 0 2 0 0 0 0
354 11017 496 494 19 0 0 5 0 0 3 0 2 0 0 0 0
355 11001 503 500 20 0 0 6 0 0 3 0 3 0 0 0 0
356 10987 509 506 22 0 0 6 0 0 3 0 3 0 0 0 0
357 10969 518 515 22 0 0 6 0 0 3 0 3 0 0 0 0
358 10958 522 519 25 0 0 6 0 0 3 0 3 0 0 0 0
359 10942 530 527 25 0 0 6 0 0 3 0 3 0 0 0 0
360 10934 533 530 27 0 0 6 0 0 3 0 3 0 0 0 0
361 10920 540 537 27 0 0 6 0 0 3 0 3 0 0 0 0
362 10913 544 541 26 0 0 6 0 0 3 0 3 0 0 0 0
363 10899 551 548 26 0 0 6 0 0 3 0 3 0 0 0 0
364 10884 558 555 27 0 0 6 0 0 3 0 3 0 0 0 0
365 10872 564 561 27 0 0 6 0 0 3 0 3 0 0 0 0
366 10864 568 565 27 0 0 6 0 0 3 0 3 0 0 0 0
367 10845 577 575 27 0 0 5 1 0 3 0 3 0 0 0 0
368 10829 585 583 27 0 0 5 1 0 3 0 3 0 0 0 0
369 10814 592 590 28 0 0 5 1 0 3 0 3 0 0 0 0
370 10800 599 597 28 0 0 5 1 0 3 0 3 0 0 0 0
371 10784 606 604 30 0 0 5 1 0 3 0 3 0 0 0 0
372 10767 615 613 29 0 0 5 1 0 3 0 3 0 0 0 0
373 10757 619 617 31 0 0 5 1 0 3 0 3 0 0 0 0
374 10745 624 622 33 0 0 5 1 0 3 0 3 0 0 0 0
375 10727 633 631 33 0 0 5 1 0 3 0 3 0 0 0 0
376 10712 640 638 34 0 0 5 1 0 3 0 3 0 0 0 0
377 10701 646 644 33 0 0 5 1 0 3 0 3 0 0 0 0
378 10688 653 651 32 0 0 5 1 0 3 0 3 0 0 0 0
379 10664 664 661 33 0 0 6 1 0 3 0 4 0 0 0 0
380 10656 667 664 35 0 0 6 1 0 3 0 4 0 0 0 0
381 10639 675 672 36 0 0 6 1 0 3 0 4 0 0 0 0
382 10628 680 677 37 0 0 6 1 0 3 0 4 0 0 0 0
383 10621 682 678 39 0 0 7 1 0 3 0 5 0 0 0 0
384 10616 684 680 40 0 0 7 1 0 3 0 5 0 0 0 0
385 10617 684 680 39 0 0 7 1 0 3 0 5 0 0 0 0
386 10608 689 685 38 0 0 7 1 0 3 0 5 0 0 0 0
387 10595 695 690 38 0 0 8 1 0 3 0 6 0 0 0 0
388 10587 699 694 38 0 0 8 1 0 3 0 6 0 0 0 0
389 10577 702 697 42 0 0 8 1 0 3 0 6 0 0 0 0
390 10561 708 703 46 0 0 8 1 0 3 0 6 0 0 0 0
391 10546 715 710 47 0 0 8 1 0 3 0 6 0 0 0 0
392 10540 718 713 47 0 0 8 1 0 3 0 6 0 0 0 0
393 10520 727 722 49 0 0 8 1 0 3 0 6 0 0 0 0
394 10511 731 726 50 0 0 8 1 0 3 0 6 0 0 0 0
395 10504 733 728 53 0 0 8 1 0 3 0 6 0 0 0 0
396 10498 736 731 53 0 0 8 1 0 3 0 6 0 0 0 0
397 10492 739 734 53 0 0 8 1 0 3 0 6 0 0 0 0
398 10494 737 732 55 0 0 8 1 0 3 0 6 0 0 0 0
399 10487 740 735 56 0 0 8 1 0 3 0 6 0 0 0 0
400 10490 737 732 59 0 0 8 1 0 3 0 6 0 0 0 0
401 10486 739 733 58 0 0 9 1 0 3 0 7 0 0 0 0
402 10467 747 741 61 0 0 9 1 0 3 0 7 0 0 0 0
403 10471 745 739 61 0 0 9 1 0 3 0 7 0 0 0 0
404 10465 747 740 62 0 0 10 1 0 3 0 8 0 0 0 0
405 10449 756 748 59 0 0 11 1 0 3 0 9 0 0 0 0
406 10448 757 748 57 0 0 12 1 0 3 0 10 0 0 0 0
407 10439 760 750 59 0 0 13 1 0 3 0 11 0 0 0 0
408 10439 760 750 59 0 0 13 1 0 3 0 11 0 0 0 0
409 10431 764 754 59 0 0 13 1 0 3 0 11 0 0 0 0
410 10425 767 756 58 0 0 14 1 0 3 0 12 0 0 0 0
411 10415 772 761 58 0 0 14 1 0 3 0 12 0 0 0 0
412 10408 775 764 59 0 0 14 1 0 3 0 12 0 0 0 0
413 10408 775 764 59 0 0 14 1 0 3 0 12 0 0 0 0
414 10410 774 763 59 0 0 14 1 0 3 0 12 0 0 0 0
415 10402 778 767 59 0 0 14 1 0 3 0 12 0 0 0 0
416 10401 778 767 60 0 0 14 1 0 3 0 12 0 0 0 0
417 10380 788 777 61 0 0 14 1 0 3 0 12 0 0 0 0
418 10375 790 779 62 0 0 14 1 0 3 0 12 0 0 0 0
419 10370 793 781 60 0 0 15 1 0 3 0 13 0 0 0 0
420 10357 799 787 61 0 0 15 1 0 3 0 13 0 0 0 0
421 10363 796 784 61 0 0 15 1 0 3 0 13 0 0 0 0
422 10364 796 784 60 0 0 15 1 0 3 0 13 0 0 0 0
423 10350 803 791 60 0 0 15 1 0 3 0 13 0 0 0 0
424 10348 803 791 62 0 0 15 1 0 3 0 13 0 0 0 0
425 10351 802 790 61 0 0 15 1 0 3 0 13 0 0 0 0
426 10351 802 790 61 0 0 15 1 0 3 0 13 0 0 0 0
427 10349 803 791 61 0 0 15 1 0 3 0 13 0 0 0 0
428 10344 805 793 62 0 0 15 1 0 3 0 13 0 0 0 0
429 10346 804 792 62 0 0 15 1 0 3 0 13 0 0 0 0
430 10353 802 790 59 0 0 15 1 0 3 0 13 0 0 0 0
431 10359 799 787 59 0 0 15 1 0 3 0 13 0 0 0 0
432 10355 802 790 57 0 0 15 1 0 3 0 13 0 0 0 0
433 10354 802 790 58 0 0 15 1 0 3 0 13 0 0 0 0
434 10356 801 789 58 0 0 15 1 0 3 0 13 0 0 0 0
435 10352 804 792 56 0 0 15 1 0 3 0 13 0 0 0 0
436 10350 805 793 56 0 0 15 1 0 3 0 13 0 0 0 0
437 10345 808 796 55 0 0 15 1 0 3 0 13 0 0 0 0
438 10338 811 799 56 0 0 15 1 0 3 0 13 0 0 0 0
439 10329 816 804 55 0 0 15 1 0 3 0 13 0 0 0 0
440 10329 816 804 55 0 0 15 1 0 3 0 13 0 0 0 0
441 10339 811 799 55 0 0 15 1 0 3 0 13 0 0 0 0
442 10337 812 800 55 0 0 15 1 0 3 0 13 0 0 0 0
443 10331 816 804 53 0 0 15 1 0 3 0 13 0 0 0 0
444 10335 814 802 53 0 0 15 1 0 3 0 13 0 0 0 0
445 10333 814 802 55 0 0 15 1 0 3 0 13 0 0 0 0
446 10323 818 806 57 0 0 15 1 0 3 0 13 0 0 0 0
447 10326 816 804 58 0 0 15 1 0 3 0 13 0 0 0 0
448 10315 821 808 58 0 0 16 1 0 3 0 14 0 0 0 0
449 10317 820 807 58 0 0 16 1 0 3 0 14 0 0 0 0
450 10320 819 806 57 0 0 16 1 0 3 0 14 0 0 0 0
451 10313 823 809 55 0 0 17 1 0 3 0 15 0 0 0 0
452 10300 829 815 56 0 0 17 1 0 3 0 15 0 0 0 0
453 10302 828 814 56 0 0 17 1 0 3 0 15 0 0 0 0
454 10298 830 816 56 0 0 17 1 0 3 0 15 0 0 0 0
455 10304 827 813 56 0 0 17 1 0 3 0 15 0 0 0 0
456 10313 824 810 53 0 0 17 1 0 3 0 15 0 0 0 0
457 10316 822 808 54 0 0 17 1 0 3 0 15 0 0 0 0
458 10307 827 813 53 0 0 17 1 0 3 0 15 0 0 0 0
459 10317 822 808 53 0 0 17 1 0 3 0 15 0 0 0 0
460 10309 826 813 52 0 0 17 1 0 4 0 14 0 0 0 0
461 10313 824 811 52 0 0 17 1 0 4 0 14 0 0 0 0
462 10315 823 810 52 0 0 17 1 0 4 0 14 0 0 0 0
463 10321 820 807 52 0 0 17 1 0 4 0 14 0 0 0 0
464 10327 816 803 54 0 0 17 1 0 4 0 14 0 0 0 0
465 10326 816 803 55 0 0 17 1 0 4 0 14 0 0 0 0
466 10318 820 807 55 0 0 17 1 0 4 0 14 0 0 0 0
467 10318 820 806 54 0 0 18 1 0 4 0 15 0 0 0 0
468 10301 828 814 55 0 0 18 1 0 4 0 15 0 0 0 0
469 10294 831 817 56 0 0 18 1 0 4 0 15 0 0 0 0
470 10300 828 815 55 0 0 18 1 0 5 0 14 0 0 0 0
471 10301 827 814 56 0 0 18 1 0 5 0 14 0 0 0 0
472 10304 826 812 56 0 0 19 0 0 5 0 14 0 0 0 0
473 10297 830 816 55 0 0 19 0 0 5 0 14 0 0 0 0
474 10299 829 815 55 0 0 19 0 0 5 0 14 0 0 0 0
475 10283 837 823 55 0 0 19 0 0 5 0 14 0 0 0 0
476 10295 831 817 55 0 0 19 0 0 5 0 14 0 0 0 0
477 10293 833 819 53 0 0 19 0 0 5 0 14 0 0 0 0
478 10309 825 811 53 0 0 19 0 0 5 0 14 0 0 0 0
479 10300 829 815 54 0 0 19 0 0 5 0 14 0 0 0 0
480 10283 837 824 54 0 0 19 0 0 6 0 13 0 0 0 0
481 10283 837 823 53 0 0 20 0 0 6 0 14 0 0 0 0
482 10281 837 824 54 0 0 20 0 0 7 0 13 0 0 0 0
483 10282 836 823 55 0 0 20 0 0 7 0 13 0 0 0 0
484 10294 831 818 53 0 0 20 0 0 7 0 13 0 0 0 0
485 10304 827 814 51 0 0 20 0 0 7 0 13 0 0 0 0
486 10300 829 816 51 0 0 20 0 0 7 0 13 0 0 0 0
487 10311 823 810 52 0 0 20 0 0 7 0 13 0 0 0 0
488 10315 821 808 52 0 0 20 0 0 7 0 13 0 0 0 0
489 10319 818 805 54 0 0 20 0 0 7 0 13 0 0 0 0
490 10321 818 805 52 0 0 20 0 0 7 0 13 0 0 0 0
491 10319 819 806 52 0 0 20 0 0 7 0 13 0 0 0 0
492 10315 820 807 54 0 0 20 0 0 7 0 13 0 0 0 0
493 10304 825 812 55 0 0 20 0 0 7 0 13 0 0 0 0
494 10304 825 812 55 0 0 20 0 0 7 0 13 0 0 0 0
495 10315 820 807 54 0 0 20 0 0 7 0 13 0 0 0 0
496 10320 818 805 53 0 0 20 0 0 7 0 13 0 0 0 0
497 10326 815 802 53 0 0 20 0 0 7 0 13 0 0 0 0
498 10330 813 799 52 0 0 21 0 0 7 0 14 0 0 0 0
499 10338 811 797 48 0 0 21 0 0 7 0 14 0 0 0 0
500 10346 807 793 48 0 0 21 0 0 7 0 14 0 0 0 0
501 10350 805 791 48 0 0 21 0 0 7 0 14 0 0 0 0
502 10350 805 791 48 0 0 21 0 0 7 0 14 0 0 0 0
503 10360 801 787 46 0 0 21 0 0 7 0 14 0 0 0 0
504 10368 797 783 46 0 0 21 0 0 7 0 14 0 0 0 0
505 10380 790 777 47 0 0 21 0 0 8 0 13 0 0 0 0
506 10377 791 778 48 0 0 21 0 0 8 0 13 0 0 0 0
507 10374 792 779 49 0 0 21 0 0 8 0 13 0 0 0 0
508 10369 794 781 50 0 0 21 0 0 8 0 13 0 0 0 0
509 10359 799 786 50 0 0 21 0 0 8 0 13 0 0 0 0
510 10363 797 784 50 0 0 21 0 0 8 0 13 0 0 0 0
511 10364 796 784 50 0 0 21 0 0 9 0 12 0 0 0 0
512 10367 794 782 51 0 0 21 0 0 9 0 12 0 0 0 0
513 10371 792 780 51 0 0 21 0 0 9 0 12 0 0 0 0
514 10361 797 785 51 0 0 21 0 0 9 0 12 0 0 0 0
515 10369 792 780 53 0 0 21 0 0 9 0 12 0 0 0 0
516 10361 796 784 53 0 0 21 0 0 9 0 12 0 0 0 0
517 10365 794 782 53 0 0 21 0 0 9 0 12 0 0 0 0
518 10370 791 779 54 0 0 21 0 0 9 0 12 0 0 0 0
519 10379 787 775 53 0 0 21 0 0 9 0 12 0 0 0 0
520 10383 785 773 53 0 0 21 0 0 9 0 12 0 0 0 0
521 10380 787 775 52 0 0 21 0 0 9 0 12 0 0 0 0
522 10376 789 777 52 0 0 21 0 0 9 0 12 0 0 0 0
523 10384 785 773 52 0 0 21 0 0 9 0 12 0 0 0 0
524 10385 784 772 53 0 0 21 0 0 9 0 12 0 0 0 0
525 10380 786 775 53 0 0 21 0 0 10 0 11 0 0 0 0
526 10383 784 773 54 0 0 21 0 0 10 0 11 0 0 0 0
527 10378 787 776 53 0 0 21 0 0 10 0 11 0 0 0 0
528 10377 787 776 54 0 0 21 0 0 10 0 11 0 0 0 0
529 10385 783 772 54 0 0 21 0 0 10 0 11 0 0 0 0
530 10387 782 771 54 0 0 21 0 0 10 0 11 0 0 0 0
531 10381 785 774 54 0 0 21 0 0 10 0 11 0 0 0 0
532 10383 784 772 53 0 0 22 0 0 10 0 12 0 0 0 0
533 10378 786 774 54 0 0 22 0 0 10 0 12 0 0 0 0
534 10372 789 777 54 0 0 22 0 0 10 0 12 0 0 0 0
535 10368 792 780 52 0 0 22 0 0 10 0 12 0 0 0 0
536 10367 793 781 51 0 0 22 0 0 10 0 12 0 0 0 0
537 10367 793 781 51 0 0 22 0 0 10 0 12 0 0 0 0
538 10373 791 778 48 0 0 23 0 0 10 0 13 0 0 0 0
539 10371 792 779 48 0 0 23 0 0 10 0 13 0 0 0 0
540 10365 794 781 50 0 0 23 0 0 10 0 13 0 0 0 0
541 10360 796 783 51 0 0 23 0 0 10 0 13 0 0 0 0
542 10360 796 783 51 0 0 23 0 0 10 0 13 0 0 0 0
543 10355 798 785 52 0 0 23 0 0 10 0 13 0 0 0 0
544 10351 800 787 52 0 0 23 0 0 10 0 13 0 0 0 0
545 10340 804 791 55 0 0 23 0 0 10 0 13 0 0 0 0
546 10341 803 789 55 0 0 24 0 0 10 0 14 0 0 0 0
547 10336 806 792 54 0 0 24 0 0 10 0 14 0 0 0 0
548 10337 806 792 53 0 0 24 0 0 10 0 14 0 0 0 0
549 10327 811 797 53 0 0 24 0 0 10 0 14 0 0 0 0
550 10320 814 800 54 0 0 24 0 0 10 0 14 0 0 0 0
551 10317 815 802 54 0 0 24 0 0 11 0 13 0 0 0 0
552 10325 813 800 50 0 0 24 0 0 11 0 13 0 0 0 0
553 10316 817 804 51 0 0 24 0 0 11 0 13 0 0 0 0
554 10309 820 807 52 0 0 24 0 0 11 0 13 0 0 0 0
555 10300 824 811 53 0 0 24 0 0 11 0 13 0 0 0 0
556 10294 827 814 53 0 0 24 0 0 11 0 13 0 0 0 0
557 10289 829 816 54 0 0 24 0 0 11 0 13 0 0 0 0
558 10283 832 819 54 0 0 24 0 0 11 0 13 0 0 0 0
559 10284 831 818 55 0 0 24 0 0 11 0 13 0 0 0 0
560 10269 837 823 57 0 0 25 0 0 11 0 14 0 0 0 0
561 10254 844 830 58 0 0 25 0 0 11 0 14 0 0 0 0
562 10251 846 832 57 0 0 25 0 0 11 0 14 0 0 0 0
563 10248 848 833 57 0 0 25 0 0 10 0 15 0 0 0 0
564 10235 854 839 58 0 0 25 0 0 10 0 15 0 0 0 0
565 10228 857 842 59 0 0 25 0 0 10 0 15 0 0 0 0
566 10209 865 850 62 0 0 25 0 0 10 0 15 0 0 0 0
567 10198 871 856 61 0 0 25 0 0 10 0 15 0 0 0 0
568 10199 870 855 62 0 0 25 0 0 10 0 15 0 0 0 0
569 10190 874 859 63 0 0 25 0 0 10 0 15 0 0 0 0
