0 2006 0 0 0 0 0 0 0 0 0 0 0 0 0 0 0
1 12030 3 3 0 0 0 0 0 0 0 0 0 0 0 0 0
2 12028 4 4 0 0 0 0 0 0 0 0 0 0 0 0 0
3 12022 7 7 0 0 0 0 0 0 0 0 0 0 0 0 0
4 12022 7 7 0 0 0 0 0 0 0 0 0 0 0 0 0
5 12020 8 8 0 0 0 0 0 0 0 0 0 0 0 0 0
6 12020 8 8 0 0 0 0 0 0 0 0 0 0 0 0 0
7 12018 9 9 0 0 0 0 0 0 0 0 0 0 0 0 0
8 12016 10 10 0 0 0 0 0 0 0 0 0 0 0 0 0
9 12012 12 12 0 0 0 0 0 0 0 0 0 0 0 0 0
10 12008 14 14 0 0 0 0 0 0 0 0 0 0 0 0 0
11 12004 16 16 0 0 0 0 0 0 0 0 0 0 0 0 0
12 12000 18 18 0 0 0 0 0 0 0 0 0 0 0 0 0
13 11998 19 19 0 0 0 0 0 0 0 0 0 0 0 0 0
14 11996 20 20 0 0 0 0 0 0 0 0 0 0 0 0 0
15 11996 20 20 0 0 0 0 0 0 0 0 0 0 0 0 0
16 11988 24 24 0 0 0 0 0 0 0 0 0 0 0 0 0
17 11984 26 26 0 0 0 0 0 0 0 0 0 0 0 0 0
18 11986 25 25 0 0 0 0 0 0 0 0 0 0 0 0 0
19 11986 25 25 0 0 0 0 0 0 0 0 0 0 0 0 0
20 11986 25 25 0 0 0 0 0 0 0 0 0 0 0 0 0
21 11984 26 26 0 0 0 0 0 0 0 0 0 0 0 0 0
22 11982 27 27 0 0 0 0 0 0 0 0 0 0 0 0 0
23 11980 28 28 0 0 0 0 0 0 0 0 0 0 0 0 0
24 11978 29 29 0 0 0 0 0 0 0 0 0 0 0 0 0
25 11976 30 30 0 0 0 0 0 0 0 0 0 0 0 0 0
26 11970 33 33 0 0 0 0 0 0 0 0 0 0 0 0 0
27 11966 35 35 0 0 0 0 0 0 0 0 0 0 0 0 0
28 11962 37 37 0 0 0 0 0 0 0 0 0 0 0 0 0
29 11962 37 37 0 0 0 0 0 0 0 0 0 0 0 0 0
30 11960 38 38 0 0 0 0 0 0 0 0 0 0 0 0 0
31 11960 38 38 0 0 0 0 0 0 0 0 0 0 0 0 0
32 11960 38 38 0 0 0 0 0 0 0 0 0 0 0 0 0
33 11961 37 37 1 0 0 0 0 0 0 0 0 0 0 0 0
34 11961 37 37 1 0 0 0 0 0 0 0 0 0 0 0 0
35 11959 38 38 1 0 0 0 0 0 0 0 0 0 0 0 0
36 11959 38 38 1 0 0 0 0 0 0 0 0 0 0 0 0
37 11959 38 38 1 0 0 0 0 0 0 0 0 0 0 0 0
38 11957 39 39 1 0 0 0 0 0 0 0 0 0 0 0 0
39 11955 40 40 1 0 0 0 0 0 0 0 0 0 0 0 0
40 11951 42 42 1 0 0 0 0 0 0 0 0 0 0 0 0
41 11949 43 43 1 0 0 0 0 0 0 0 0 0 0 0 0
42 11945 45 45 1 0 0 0 0 0 0 0 0 0 0 0 0
43 11943 46 46 1 0 0 0 0 0 0 0 0 0 0 0 0
44 11941 47 47 1 0 0 0 0 0 0 0 0 0 0 0 0
45 11941 47 47 1 0 0 0 0 0 0 0 0 0 0 0 0
46 11935 50 50 1 0 0 0 0 0 0 0 0 0 0 0 0
47 11933 51 51 1 0 0 0 0 0 0 0 0 0 0 0 0
48 11931 52 52 1 0 0 0 0 0 0 0 0 0 0 0 0
49 11929 53 53 1 0 0 0 0 0 0 0 0 0 0 0 0
50 11927 54 54 1 0 0 0 0 0 0 0 0 0 0 0 0
51 11921 57 57 1 0 0 0 0 0 0 0 0 0 0 0 0
52 11921 57 57 1 0 0 0 0 0 0 0 0 0 0 0 0
53 11921 57 57 1 0 0 0 0 0 0 0 0 0 0 0 0
54 11921 57 57 1 0 0 0 0 0 0 0 0 0 0 0 0
55 11925 55 55 1 0 0 0 0 0 0 0 0 0 0 0 0
56 11925 55 55 1 0 0 0 0 0 0 0 0 0 0 0 0
57 11925 55 55 1 0 0 0 0 0 0 0 0 0 0 0 0
58 11919 58 58 1 0 0 0 0 0 0 0 0 0 0 0 0
59 11917 59 59 1 0 0 0 0 0 0 0 0 0 0 0 0
60 11917 59 59 1 0 0 0 0 0 0 0 0 0 0 0 0
61 11915 60 60 1 0 0 0 0 0 0 0 0 0 0 0 0
62 11913 61 61 1 0 0 0 0 0 0 0 0 0 0 0 0
63 11907 64 64 1 0 0 0 0 0 0 0 0 0 0 0 0
64 11903 66 66 1 0 0 0 0 0 0 0 0 0 0 0 0
65 11903 66 66 1 0 0 0 0 0 0 0 0 0 0 0 0
66 11903 66 66 1 0 0 0 0 0 0 0 0 0 0 0 0
67 11901 67 67 1 0 0 0 0 0 0 0 0 0 0 0 0
68 11905 65 65 1 0 0 0 0 0 0 0 0 0 0 0 0
69 11905 65 65 1 0 0 0 0 0 0 0 0 0 0 0 0
70 11903 66 66 1 0 0 0 0 0 0 0 0 0 0 0 0
71 11903 66 66 1 0 0 0 0 0 0 0 0 0 0 0 0
72 11899 68 68 1 0 0 0 0 0 0 0 0 0 0 0 0
73 11899 68 68 1 0 0 0 0 0 0 0 0 0 0 0 0
74 11895 70 70 1 0 0 0 0 0 0 0 0 0 0 0 0
75 11893 71 71 1 0 0 0 0 0 0 0 0 0 0 0 0
76 11891 72 72 1 0 0 0 0 0 0 0 0 0 0 0 0
77 11891 72 72 1 0 0 0 0 0 0 0 0 0 0 0 0
78 11889 73 73 1 0 0 0 0 0 0 0 0 0 0 0 0
79 11891 72 72 1 0 0 0 0 0 0 0 0 0 0 0 0
80 11887 74 74 1 0 0 0 0 0 0 0 0 0 0 0 0
81 11885 75 75 1 0 0 0 0 0 0 0 0 0 0 0 0
82 11883 76 76 1 0 0 0 0 0 0 0 0 0 0 0 0
83 11883 76 76 1 0 0 0 0 0 0 0 0 0 0 0 0
84 11881 77 77 1 0 0 0 0 0 0 0 0 0 0 0 0
85 11881 77 77 1 0 0 0 0 0 0 0 0 0 0 0 0
86 11876 80 80 0 0 0 0 0 0 0 0 0 0 0 0 0
87 11872 82 82 0 0 0 0 0 0 0 0 0 0 0 0 0
88 11872 82 82 0 0 0 0 0 0 0 0 0 0 0 0 0
89 11870 83 83 0 0 0 0 0 0 0 0 0 0 0 0 0
90 11872 82 82 0 0 0 0 0 0 0 0 0 0 0 0 0
91 11868 84 84 0 0 0 0 0 0 0 0 0 0 0 0 0
92 11864 86 86 0 0 0 0 0 0 0 0 0 0 0 0 0
93 11868 84 84 0 0 0 0 0 0 0 0 0 0 0 0 0
94 11867 84 84 1 0 0 0 0 0 0 0 0 0 0 0 0
95 11865 85 85 1 0 0 0 0 0 0 0 0 0 0 0 0
96 11867 84 84 1 0 0 0 0 0 0 0 0 0 0 0 0
97 11865 85 85 1 0 0 0 0 0 0 0 0 0 0 0 0
98 11863 86 86 1 0 0 0 0 0 0 0 0 0 0 0 0
99 11861 87 87 1 0 0 0 0 0 0 0 0 0 0 0 0
100 11857 89 89 1 0 0 0 0 0 0 0 0 0 0 0 0
101 11855 90 90 1 0 0 0 0 0 0 0 0 0 0 0 0
102 11853 91 91 1 0 0 0 0 0 0 0 0 0 0 0 0
103 11851 92 92 1 0 0 0 0 0 0 0 0 0 0 0 0
104 11847 94 94 1 0 0 0 0 0 0 0 0 0 0 0 0
105 11845 95 95 1 0 0 0 0 0 0 0 0 0 0 0 0
106 11843 96 96 1 0 0 0 0 0 0 0 0 0 0 0 0
107 11843 96 96 1 0 0 0 0 0 0 0 0 0 0 0 0
108 11839 98 98 1 0 0 0 0 0 0 0 0 0 0 0 0
109 11837 99 99 1 0 0 0 0 0 0 0 0 0 0 0 0
110 11835 100 100 1 0 0 0 0 0 0 0 0 0 0 0 0
111 11833 101 101 1 0 0 0 0 0 0 0 0 0 0 0 0
112 11829 103 103 1 0 0 0 0 0 0 0 0 0 0 0 0
113 11831 102 102 1 0 0 0 0 0 0 0 0 0 0 0 0
114 11827 104 104 1 0 0 0 0 0 0 0 0 0 0 0 0
115 11825 105 105 1 0 0 0 0 0 0 0 0 0 0 0 0
116 11823 106 106 1 0 0 0 0 0 0 0 0 0 0 0 0
117 11823 106 106 1 0 0 0 0 0 0 0 0 0 0 0 0
118 11817 109 109 1 0 0 0 0 0 0 0 0 0 0 0 0
119 11817 109 109 1 0 0 0 0 0 0 0 0 0 0 0 0
120 11815 110 110 1 0 0 0 0 0 0 0 0 0 0 0 0
121 11815 110 110 1 0 0 0 0 0 0 0 0 0 0 0 0
122 11816 110 110 0 0 0 0 0 0 0 0 0 0 0 0 0
123 11814 111 111 0 0 0 0 0 0 0 0 0 0 0 0 0
124 11812 112 112 0 0 0 0 0 0 0 0 0 0 0 0 0
125 11808 114 114 0 0 0 0 0 0 0 0 0 0 0 0 0
126 11802 117 117 0 0 0 0 0 0 0 0 0 0 0 0 0
127 11806 115 115 0 0 0 0 0 0 0 0 0 0 0 0 0
128 11806 115 115 0 0 0 0 0 0 0 0 0 0 0 0 0
129 11806 115 115 0 0 0 0 0 0 0 0 0 0 0 0 0
130 11801 117 117 1 0 0 0 0 0 0 0 0 0 0 0 0
131 11803 116 116 1 0 0 0 0 0 0 0 0 0 0 0 0
132 11803 116 116 1 0 0 0 0 0 0 0 0 0 0 0 0
133 11807 114 114 1 0 0 0 0 0 0 0 0 0 0 0 0
134 11807 114 114 1 0 0 0 0 0 0 0 0 0 0 0 0
135 11807 114 114 1 0 0 0 0 0 0 0 0 0 0 0 0
136 11807 114 114 1 0 0 0 0 0 0 0 0 0 0 0 0
137 11803 116 116 1 0 0 0 0 0 0 0 0 0 0 0 0
138 11803 116 116 1 0 0 0 0 0 0 0 0 0 0 0 0
139 11805 115 115 1 0 0 0 0 0 0 0 0 0 0 0 0
140 11799 118 118 1 0 0 0 0 0 0 0 0 0 0 0 0
141 11799 118 118 1 0 0 0 0 0 0 0 0 0 0 0 0
142 11799 118 118 1 0 0 0 0 0 0 0 0 0 0 0 0
143 11793 121 121 1 0 0 0 0 0 0 0 0 0 0 0 0
144 11795 120 120 1 0 0 0 0 0 0 0 0 0 0 0 0
145 11787 124 124 1 0 0 0 0 0 0 0 0 0 0 0 0
146 11781 127 127 1 0 0 0 0 0 0 0 0 0 0 0 0
147 11781 127 127 1 0 0 0 0 0 0 0 0 0 0 0 0
148 11777 129 129 1 0 0 0 0 0 0 0 0 0 0 0 0
149 11775 130 130 1 0 0 0 0 0 0 0 0 0 0 0 0
150 11775 130 130 1 0 0 0 0 0 0 0 0 0 0 0 0
151 11771 132 132 1 0 0 0 0 0 0 0 0 0 0 0 0
152 11765 135 135 1 0 0 0 0 0 0 0 0 0 0 0 0
153 11759 138 138 1 0 0 0 0 0 0 0 0 0 0 0 0
154 11757 139 139 1 0 0 0 0 0 0 0 0 0 0 0 0
155 11753 141 141 1 0 0 0 0 0 0 0 0 0 0 0 0
156 11747 144 144 1 0 0 0 0 0 0 0 0 0 0 0 0
157 11741 147 147 1 0 0 0 0 0 0 0 0 0 0 0 0
158 11721 157 157 1 0 0 0 0 0 0 0 0 0 0 0 0
159 11719 158 158 1 0 0 0 0 0 0 0 0 0 0 0 0
160 11713 161 161 1 0 0 0 0 0 0 0 0 0 0 0 0
161 11717 159 159 1 0 0 0 0 0 0 0 0 0 0 0 0
162 11703 166 166 1 0 0 0 0 0 0 0 0 0 0 0 0
163 11689 173 173 1 0 0 0 0 0 0 0 0 0 0 0 0
164 11669 183 183 1 0 0 0 0 0 0 0 0 0 0 0 0
165 11647 194 194 1 0 0 0 0 0 0 0 0 0 0 0 0
166 11631 201 201 3 0 0 0 0 0 0 0 0 0 0 0 0
167 11622 205 205 4 0 0 0 0 0 0 0 0 0 0 0 0
168 11600 216 216 4 0 0 0 0 0 0 0 0 0 0 0 0
169 11578 227 226 3 0 0 1 0 0 0 0 1 0 0 0 0
