0 2006 0 0 0 0 0 0 0 0 0 0 0 0 0 0 0
1 12030 3 3 0 0 0 0 0 0 0 0 0 0 0 0 0
2 12026 5 5 0 0 0 0 0 0 0 0 0 0 0 0 0
3 12024 6 6 0 0 0 0 0 0 0 0 0 0 0 0 0
4 12024 6 6 0 0 0 0 0 0 0 0 0 0 0 0 0
5 12020 8 8 0 0 0 0 0 0 0 0 0 0 0 0 0
6 12014 11 11 0 0 0 0 0 0 0 0 0 0 0 0 0
7 12006 15 15 0 0 0 0 0 0 0 0 0 0 0 0 0
8 12006 15 15 0 0 0 0 0 0 0 0 0 0 0 0 0
9 12002 17 17 0 0 0 0 0 0 0 0 0 0 0 0 0
10 11998 19 19 0 0 0 0 0 0 0 0 0 0 0 0 0
11 11996 20 20 0 0 0 0 0 0 0 0 0 0 0 0 0
12 11992 22 22 0 0 0 0 0 0 0 0 0 0 0 0 0
13 11992 22 22 0 0 0 0 0 0 0 0 0 0 0 0 0
14 11992 22 22 0 0 0 0 0 0 0 0 0 0 0 0 0
15 11988 24 24 0 0 0 0 0 0 0 0 0 0 0 0 0
16 11984 26 26 0 0 0 0 0 0 0 0 0 0 0 0 0
17 11984 26 26 0 0 0 0 0 0 0 0 0 0 0 0 0
18 11982 27 27 0 0 0 0 0 0 0 0 0 0 0 0 0
19 11978 29 29 0 0 0 0 0 0 0 0 0 0 0 0 0
20 11978 29 29 0 0 0 0 0 0 0 0 0 0 0 0 0
21 11972 32 32 0 0 0 0 0 0 0 0 0 0 0 0 0
22 11972 32 32 0 0 0 0 0 0 0 0 0 0 0 0 0
23 11972 32 32 0 0 0 0 0 0 0 0 0 0 0 0 0
24 11972 32 32 0 0 0 0 0 0 0 0 0 0 0 0 0
25 11960 38 38 0 0 0 0 0 0 0 0 0 0 0 0 0
26 11958 39 39 0 0 0 0 0 0 0 0 0 0 0 0 0
27 11954 41 41 0 0 0 0 0 0 0 0 0 0 0 0 0
28 11958 39 39 0 0 0 0 0 0 0 0 0 0 0 0 0
29 11952 42 42 0 0 0 0 0 0 0 0 0 0 0 0 0
30 11946 45 45 0 0 0 0 0 0 0 0 0 0 0 0 0
31 11946 45 45 0 0 0 0 0 0 0 0 0 0 0 0 0
32 11942 47 47 0 0 0 0 0 0 0 0 0 0 0 0 0
33 11942 47 47 0 0 0 0 0 0 0 0 0 0 0 0 0
34 11942 47 47 0 0 0 0 0 0 0 0 0 0 0 0 0
35 11938 49 49 0 0 0 0 0 0 0 0 0 0 0 0 0
36 11938 49 49 0 0 0 0 0 0 0 0 0 0 0 0 0
37 11936 50 50 0 0 0 0 0 0 0 0 0 0 0 0 0
38 11932 52 52 0 0 0 0 0 0 0 0 0 0 0 0 0
39 11930 53 53 0 0 0 0 0 0 0 0 0 0 0 0 0
40 11930 53 53 0 0 0 0 0 0 0 0 0 0 0 0 0
41 11930 53 53 0 0 0 0 0 0 0 0 0 0 0 0 0
42 11928 54 54 0 0 0 0 0 0 0 0 0 0 0 0 0
43 11928 54 54 0 0 0 0 0 0 0 0 0 0 0 0 0
44 11926 55 55 0 0 0 0 0 0 0 0 0 0 0 0 0
45 11926 55 55 0 0 0 0 0 0 0 0 0 0 0 0 0
46 11924 56 56 0 0 0 0 0 0 0 0 0 0 0 0 0
47 11920 58 58 0 0 0 0 0 0 0 0 0 0 0 0 0
48 11922 57 57 0 0 0 0 0 0 0 0 0 0 0 0 0
49 11922 57 57 0 0 0 0 0 0 0 0 0 0 0 0 0
50 11922 57 57 0 0 0 0 0 0 0 0 0 0 0 0 0
51 11918 59 59 0 0 0 0 0 0 0 0 0 0 0 0 0
52 11918 59 59 0 0 0 0 0 0 0 0 0 0 0 0 0
53 11916 60 60 0 0 0 0 0 0 0 0 0 0 0 0 0
54 11912 62 62 0 0 0 0 0 0 0 0 0 0 0 0 0
55 11908 64 64 0 0 0 0 0 0 0 0 0 0 0 0 0
56 11912 62 62 0 0 0 0 0 0 0 0 0 0 0 0 0
57 11912 62 62 0 0 0 0 0 0 0 0 0 0 0 0 0
58 11908 64 64 0 0 0 0 0 0 0 0 0 0 0 0 0
59 11906 65 65 0 0 0 0 0 0 0 0 0 0 0 0 0
60 11904 66 66 0 0 0 0 0 0 0 0 0 0 0 0 0
61 11904 66 66 0 0 0 0 0 0 0 0 0 0 0 0 0
62 11904 66 66 0 0 0 0 0 0 0 0 0 0 0 0 0
63 11904 66 66 0 0 0 0 0 0 0 0 0 0 0 0 0
64 11906 65 65 0 0 0 0 0 0 0 0 0 0 0 0 0
65 11906 65 65 0 0 0 0 0 0 0 0 0 0 0 0 0
66 11900 68 68 0 0 0 0 0 0 0 0 0 0 0 0 0
67 11902 67 67 0 0 0 0 0 0 0 0 0 0 0 0 0
68 11900 68 68 0 0 0 0 0 0 0 0 0 0 0 0 0
69 11900 68 68 0 0 0 0 0 0 0 0 0 0 0 0 0
70 11896 70 70 0 0 0 0 0 0 0 0 0 0 0 0 0
71 11894 71 71 0 0 0 0 0 0 0 0 0 0 0 0 0
72 11892 72 72 0 0 0 0 0 0 0 0 0 0 0 0 0
73 11894 71 71 0 0 0 0 0 0 0 0 0 0 0 0 0
74 11894 71 71 0 0 0 0 0 0 0 0 0 0 0 0 0
75 11894 71 71 0 0 0 0 0 0 0 0 0 0 0 0 0
76 11892 72 72 0 0 0 0 0 0 0 0 0 0 0 0 0
77 11894 71 71 0 0 0 0 0 0 0 0 0 0 0 0 0
78 11894 71 71 0 0 0 0 0 0 0 0 0 0 0 0 0
79 11888 74 74 0 0 0 0 0 0 0 0 0 0 0 0 0
80 11882 77 77 0 0 0 0 0 0 0 0 0 0 0 0 0
81 11878 79 79 0 0 0 0 0 0 0 0 0 0 0 0 0
82 11872 82 82 0 0 0 0 0 0 0 0 0 0 0 0 0
83 11872 82 82 0 0 0 0 0 0 0 0 0 0 0 0 0
84 11868 84 84 0 0 0 0 0 0 0 0 0 0 0 0 0
85 11864 86 86 0 0 0 0 0 0 0 0 0 0 0 0 0
86 11860 88 88 0 0 0 0 0 0 0 0 0 0 0 0 0
87 11858 89 89 0 0 0 0 0 0 0 0 0 0 0 0 0
88 11856 90 90 0 0 0 0 0 0 0 0 0 0 0 0 0
89 11854 91 91 0 0 0 0 0 0 0 0 0 0 0 0 0
90 11856 90 90 0 0 0 0 0 0 0 0 0 0 0 0 0
91 11854 91 91 0 0 0 0 0 0 0 0 0 0 0 0 0
92 11850 93 93 0 0 0 0 0 0 0 0 0 0 0 0 0
93 11848 94 94 0 0 0 0 0 0 0 0 0 0 0 0 0
94 11846 95 95 0 0 0 0 0 0 0 0 0 0 0 0 0
95 11846 95 95 0 0 0 0 0 0 0 0 0 0 0 0 0
96 11842 97 97 0 0 0 0 0 0 0 0 0 0 0 0 0
97 11844 96 96 0 0 0 0 0 0 0 0 0 0 0 0 0
98 11846 95 95 0 0 0 0 0 0 0 0 0 0 0 0 0
99 11846 95 95 0 0 0 0 0 0 0 0 0 0 0 0 0
100 11844 96 96 0 0 0 0 0 0 0 0 0 0 0 0 0
101 11842 97 97 0 0 0 0 0 0 0 0 0 0 0 0 0
102 11844 96 96 0 0 0 0 0 0 0 0 0 0 0 0 0
103 11846 95 95 0 0 0 0 0 0 0 0 0 0 0 0 0
104 11845 95 95 1 0 0 0 0 0 0 0 0 0 0 0 0
105 11845 95 95 1 0 0 0 0 0 0 0 0 0 0 0 0
106 11845 95 95 1 0 0 0 0 0 0 0 0 0 0 0 0
107 11841 97 97 1 0 0 0 0 0 0 0 0 0 0 0 0
108 11841 97 97 1 0 0 0 0 0 0 0 0 0 0 0 0
109 11841 97 97 1 0 0 0 0 0 0 0 0 0 0 0 0
110 11839 98 98 1 0 0 0 0 0 0 0 0 0 0 0 0
111 11839 98 98 1 0 0 0 0 0 0 0 0 0 0 0 0
112 11835 100 100 1 0 0 0 0 0 0 0 0 0 0 0 0
113 11835 100 100 1 0 0 0 0 0 0 0 0 0 0 0 0
114 11835 100 100 1 0 0 0 0 0 0 0 0 0 0 0 0
115 11831 102 102 1 0 0 0 0 0 0 0 0 0 0 0 0
116 11835 100 100 1 0 0 0 0 0 0 0 0 0 0 0 0
117 11839 98 98 1 0 0 0 0 0 0 0 0 0 0 0 0
118 11833 101 101 1 0 0 0 0 0 0 0 0 0 0 0 0
119 11831 102 102 1 0 0 0 0 0 0 0 0 0 0 0 0
120 11829 103 103 1 0 0 0 0 0 0 0 0 0 0 0 0
121 11829 103 103 1 0 0 0 0 0 0 0 0 0 0 0 0
122 11829 103 103 1 0 0 0 0 0 0 0 0 0 0 0 0
123 11825 105 105 1 0 0 0 0 0 0 0 0 0 0 0 0
124 11823 106 106 1 0 0 0 0 0 0 0 0 0 0 0 0
125 11820 107 107 2 0 0 0 0 0 0 0 0 0 0 0 0
126 11820 107 107 2 0 0 0 0 0 0 0 0 0 0 0 0
127 11821 107 107 1 0 0 0 0 0 0 0 0 0 0 0 0
128 11817 109 109 1 0 0 0 0 0 0 0 0 0 0 0 0
129 11817 109 109 1 0 0 0 0 0 0 0 0 0 0 0 0
130 11817 109 109 1 0 0 0 0 0 0 0 0 0 0 0 0
131 11817 109 109 1 0 0 0 0 0 0 0 0 0 0 0 0
132 11817 109 109 1 0 0 0 0 0 0 0 0 0 0 0 0
133 11817 109 109 1 0 0 0 0 0 0 0 0 0 0 0 0
134 11816 109 109 2 0 0 0 0 0 0 0 0 0 0 0 0
135 11814 110 110 2 0 0 0 0 0 0 0 0 0 0 0 0
136 11809 113 113 1 0 0 0 0 0 0 0 0 0 0 0 0
137 11805 115 115 1 0 0 0 0 0 0 0 0 0 0 0 0
138 11803 116 116 1 0 0 0 0 0 0 0 0 0 0 0 0
139 11801 117 117 1 0 0 0 0 0 0 0 0 0 0 0 0
140 11799 118 118 1 0 0 0 0 0 0 0 0 0 0 0 0
141 11801 117 117 1 0 0 0 0 0 0 0 0 0 0 0 0
142 11799 118 118 1 0 0 0 0 0 0 0 0 0 0 0 0
143 11801 117 117 1 0 0 0 0 0 0 0 0 0 0 0 0
144 11797 119 119 1 0 0 0 0 0 0 0 0 0 0 0 0
145 11799 118 118 1 0 0 0 0 0 0 0 0 0 0 0 0
146 11797 119 119 1 0 0 0 0 0 0 0 0 0 0 0 0
147 11788 123 123 2 0 0 0 0 0 0 0 0 0 0 0 0
148 11782 126 126 2 0 0 0 0 0 0 0 0 0 0 0 0
149 11782 126 126 2 0 0 0 0 0 0 0 0 0 0 0 0
150 11772 131 131 2 0 0 0 0 0 0 0 0 0 0 0 0
151 11762 136 136 2 0 0 0 0 0 0 0 0 0 0 0 0
152 11758 138 138 2 0 0 0 0 0 0 0 0 0 0 0 0
153 11756 139 139 2 0 0 0 0 0 0 0 0 0 0 0 0
154 11752 141 141 2 0 0 0 0 0 0 0 0 0 0 0 0
155 11746 144 144 2 0 0 0 0 0 0 0 0 0 0 0 0
156 11744 145 145 2 0 0 0 0 0 0 0 0 0 0 0 0
157 11738 148 148 2 0 0 0 0 0 0 0 0 0 0 0 0
158 11734 150 150 2 0 0 0 0 0 0 0 0 0 0 0 0
159 11726 154 154 2 0 0 0 0 0 0 0 0 0 0 0 0
160 11720 157 157 2 0 0 0 0 0 0 0 0 0 0 0 0
161 11714 160 160 2 0 0 0 0 0 0 0 0 0 0 0 0
162 11706 164 164 2 0 0 0 0 0 0 0 0 0 0 0 0
163 11697 169 169 1 0 0 0 0 0 0 0 0 0 0 0 0
164 11693 171 171 1 0 0 0 0 0 0 0 0 0 0 0 0
165 11689 173 173 1 0 0 0 0 0 0 0 0 0 0 0 0
166 11681 177 177 1 0 0 0 0 0 0 0 0 0 0 0 0
167 11677 179 179 1 0 0 0 0 0 0 0 0 0 0 0 0
168 11675 180 180 1 0 0 0 0 0 0 0 0 0 0 0 0
169 11655 190 190 1 0 0 0 0 0 0 0 0 0 0 0 0
170 11645 195 195 1 0 0 0 0 0 0 0 0 0 0 0 0
171 11637 199 199 1 0 0 0 0 0 0 0 0 0 0 0 0
172 11635 200 200 1 0 0 0 0 0 0 0 0 0 0 0 0
173 11627 204 204 1 0 0 0 0 0 0 0 0 0 0 0 0
174 11615 210 210 1 0 0 0 0 0 0 0 0 0 0 0 0
175 11611 212 212 1 0 0 0 0 0 0 0 0 0 0 0 0
176 11593 221 221 1 0 0 0 0 0 0 0 0 0 0 0 0
177 11581 227 227 1 0 0 0 0 0 0 0 0 0 0 0 0
178 11581 227 227 1 0 0 0 0 0 0 0 0 0 0 0 0
179 11571 232 232 1 0 0 0 0 0 0 0 0 0 0 0 0
180 11565 235 235 1 0 0 0 0 0 0 0 0 0 0 0 0
181 11563 236 236 1 0 0 0 0 0 0 0 0 0 0 0 0
182 11551 242 242 1 0 0 0 0 0 0 0 0 0 0 0 0
183 11541 247 247 1 0 0 0 0 0 0 0 0 0 0 0 0
184 11536 249 249 2 0 0 0 0 0 0 0 0 0 0 0 0
185 11530 252 252 2 0 0 0 0 0 0 0 0 0 0 0 0
186 11524 255 255 2 0 0 0 0 0 0 0 0 0 0 0 0
187 11524 255 255 2 0 0 0 0 0 0 0 0 0 0 0 0
188 11515 259 259 3 0 0 0 0 0 0 0 0 0 0 0 0
189 11513 260 260 3 0 0 0 0 0 0 0 0 0 0 0 0
190 11504 264 264 4 0 0 0 0 0 0 0 0 0 0 0 0
191 11490 271 271 4 0 0 0 0 0 0 0 0 0 0 0 0
