0 6018 0 0 0 0 0 0 0 0 0 0 0 0 0 0 0
1 12034 1 1 0 0 0 0 0 0 0 0 0 0 0 0 0
2 12034 1 1 0 0 0 0 0 0 0 0 0 0 0 0 0
3 12028 4 4 0 0 0 0 0 0 0 0 0 0 0 0 0
4 12024 6 6 0 0 0 0 0 0 0 0 0 0 0 0 0
5 12020 8 8 0 0 0 0 0 0 0 0 0 0 0 0 0
6 12016 10 10 0 0 0 0 0 0 0 0 0 0 0 0 0
7 12012 12 12 0 0 0 0 0 0 0 0 0 0 0 0 0
8 12010 13 13 0 0 0 0 0 0 0 0 0 0 0 0 0
9 12008 14 14 0 0 0 0 0 0 0 0 0 0 0 0 0
10 12008 14 14 0 0 0 0 0 0 0 0 0 0 0 0 0
11 12002 17 17 0 0 0 0 0 0 0 0 0 0 0 0 0
12 12000 18 18 0 0 0 0 0 0 0 0 0 0 0 0 0
13 11996 20 20 0 0 0 0 0 0 0 0 0 0 0 0 0
14 11994 21 21 0 0 0 0 0 0 0 0 0 0 0 0 0
15 11994 21 21 0 0 0 0 0 0 0 0 0 0 0 0 0
16 11994 21 21 0 0 0 0 0 0 0 0 0 0 0 0 0
17 11992 22 22 0 0 0 0 0 0 0 0 0 0 0 0 0
18 11990 23 23 0 0 0 0 0 0 0 0 0 0 0 0 0
19 11984 26 26 0 0 0 0 0 0 0 0 0 0 0 0 0
20 11984 26 26 0 0 0 0 0 0 0 0 0 0 0 0 0
21 11984 26 26 0 0 0 0 0 0 0 0 0 0 0 0 0
22 11982 27 27 0 0 0 0 0 0 0 0 0 0 0 0 0
23 11980 28 28 0 0 0 0 0 0 0 0 0 0 0 0 0
24 11980 28 28 0 0 0 0 0 0 0 0 0 0 0 0 0
25 11980 28 28 0 0 0 0 0 0 0 0 0 0 0 0 0
26 11980 28 28 0 0 0 0 0 0 0 0 0 0 0 0 0
27 11976 30 30 0 0 0 0 0 0 0 0 0 0 0 0 0
28 11974 31 31 0 0 0 0 0 0 0 0 0 0 0 0 0
29 11968 34 34 0 0 0 0 0 0 0 0 0 0 0 0 0
30 11966 35 35 0 0 0 0 0 0 0 0 0 0 0 0 0
31 11962 37 37 0 0 0 0 0 0 0 0 0 0 0 0 0
32 11960 38 38 0 0 0 0 0 0 0 0 0 0 0 0 0
33 11956 40 40 0 0 0 0 0 0 0 0 0 0 0 0 0
34 11952 42 42 0 0 0 0 0 0 0 0 0 0 0 0 0
35 11950 43 43 0 0 0 0 0 0 0 0 0 0 0 0 0
36 11948 44 44 0 0 0 0 0 0 0 0 0 0 0 0 0
37 11944 46 46 0 0 0 0 0 0 0 0 0 0 0 0 0
38 11942 47 47 0 0 0 0 0 0 0 0 0 0 0 0 0
39 11940 48 48 0 0 0 0 0 0 0 0 0 0 0 0 0
40 11940 48 48 0 0 0 0 0 0 0 0 0 0 0 0 0
41 11936 50 50 0 0 0 0 0 0 0 0 0 0 0 0 0
42 11938 49 49 0 0 0 0 0 0 0 0 0 0 0 0 0
43 11936 50 50 0 0 0 0 0 0 0 0 0 0 0 0 0
44 11936 50 50 0 0 0 0 0 0 0 0 0 0 0 0 0
45 11934 51 51 0 0 0 0 0 0 0 0 0 0 0 0 0
46 11934 51 51 0 0 0 0 0 0 0 0 0 0 0 0 0
47 11936 50 50 0 0 0 0 0 0 0 0 0 0 0 0 0
48 11932 52 52 0 0 0 0 0 0 0 0 0 0 0 0 0
49 11932 52 52 0 0 0 0 0 0 0 0 0 0 0 0 0
50 11932 52 52 0 0 0 0 0 0 0 0 0 0 0 0 0
51 11934 51 51 0 0 0 0 0 0 0 0 0 0 0 0 0
52 11934 51 51 0 0 0 0 0 0 0 0 0 0 0 0 0
53 11932 52 52 0 0 0 0 0 0 0 0 0 0 0 0 0
54 11932 52 52 0 0 0 0 0 0 0 0 0 0 0 0 0
55 11932 52 52 0 0 0 0 0 0 0 0 0 0 0 0 0
56 11928 54 54 0 0 0 0 0 0 0 0 0 0 0 0 0
57 11928 54 54 0 0 0 0 0 0 0 0 0 0 0 0 0
58 11930 53 53 0 0 0 0 0 0 0 0 0 0 0 0 0
59 11926 55 55 0 0 0 0 0 0 0 0 0 0 0 0 0
60 11924 56 56 0 0 0 0 0 0 0 0 0 0 0 0 0
61 11924 56 56 0 0 0 0 0 0 0 0 0 0 0 0 0
62 11916 60 60 0 0 0 0 0 0 0 0 0 0 0 0 0
63 11916 60 60 0 0 0 0 0 0 0 0 0 0 0 0 0
64 11910 63 63 0 0 0 0 0 0 0 0 0 0 0 0 0
65 11912 62 62 0 0 0 0 0 0 0 0 0 0 0 0 0
66 11910 63 63 0 0 0 0 0 0 0 0 0 0 0 0 0
67 11906 65 65 0 0 0 0 0 0 0 0 0 0 0 0 0
68 11902 67 67 0 0 0 0 0 0 0 0 0 0 0 0 0
69 11902 67 67 0 0 0 0 0 0 0 0 0 0 0 0 0
70 11902 67 67 0 0 0 0 0 0 0 0 0 0 0 0 0
71 11898 69 69 0 0 0 0 0 0 0 0 0 0 0 0 0
72 11902 67 67 0 0 0 0 0 0 0 0 0 0 0 0 0
73 11898 69 69 0 0 0 0 0 0 0 0 0 0 0 0 0
74 11898 69 69 0 0 0 0 0 0 0 0 0 0 0 0 0
75 11898 69 69 0 0 0 0 0 0 0 0 0 0 0 0 0
76 11896 70 70 0 0 0 0 0 0 0 0 0 0 0 0 0
77 11894 71 71 0 0 0 0 0 0 0 0 0 0 0 0 0
78 11894 71 71 0 0 0 0 0 0 0 0 0 0 0 0 0
79 11894 71 71 0 0 0 0 0 0 0 0 0 0 0 0 0
80 11890 73 73 0 0 0 0 0 0 0 0 0 0 0 0 0
81 11888 74 74 0 0 0 0 0 0 0 0 0 0 0 0 0
82 11888 74 74 0 0 0 0 0 0 0 0 0 0 0 0 0
83 11884 76 76 0 0 0 0 0 0 0 0 0 0 0 0 0
84 11884 76 76 0 0 0 0 0 0 0 0 0 0 0 0 0
85 11882 77 77 0 0 0 0 0 0 0 0 0 0 0 0 0
86 11876 80 80 0 0 0 0 0 0 0 0 0 0 0 0 0
87 11874 81 81 0 0 0 0 0 0 0 0 0 0 0 0 0
88 11874 81 81 0 0 0 0 0 0 0 0 0 0 0 0 0
89 11872 82 82 0 0 0 0 0 0 0 0 0 0 0 0 0
90 11872 82 82 0 0 0 0 0 0 0 0 0 0 0 0 0
91 11872 82 82 0 0 0 0 0 0 0 0 0 0 0 0 0
92 11866 85 85 0 0 0 0 0 0 0 0 0 0 0 0 0
93 11866 85 85 0 0 0 0 0 0 0 0 0 0 0 0 0
94 11864 86 86 0 0 0 0 0 0 0 0 0 0 0 0 0
95 11860 88 88 0 0 0 0 0 0 0 0 0 0 0 0 0
96 11858 89 89 0 0 0 0 0 0 0 0 0 0 0 0 0
97 11856 90 90 0 0 0 0 0 0 0 0 0 0 0 0 0
98 11858 89 89 0 0 0 0 0 0 0 0 0 0 0 0 0
99 11850 93 93 0 0 0 0 0 0 0 0 0 0 0 0 0
100 11852 92 92 0 0 0 0 0 0 0 0 0 0 0 0 0
101 11856 90 90 0 0 0 0 0 0 0 0 0 0 0 0 0
102 11856 90 90 0 0 0 0 0 0 0 0 0 0 0 0 0
103 11854 91 91 0 0 0 0 0 0 0 0 0 0 0 0 0
104 11852 92 92 0 0 0 0 0 0 0 0 0 0 0 0 0
105 11850 93 93 0 0 0 0 0 0 0 0 0 0 0 0 0
106 11850 93 93 0 0 0 0 0 0 0 0 0 0 0 0 0
107 11852 92 92 0 0 0 0 0 0 0 0 0 0 0 0 0
108 11850 93 93 0 0 0 0 0 0 0 0 0 0 0 0 0
109 11850 93 93 0 0 0 0 0 0 0 0 0 0 0 0 0
110 11848 94 94 0 0 0 0 0 0 0 0 0 0 0 0 0
111 11848 94 94 0 0 0 0 0 0 0 0 0 0 0 0 0
112 11844 96 96 0 0 0 0 0 0 0 0 0 0 0 0 0
113 11840 98 98 0 0 0 0 0 0 0 0 0 0 0 0 0
114 11836 100 100 0 0 0 0 0 0 0 0 0 0 0 0 0
115 11834 101 101 0 0 0 0 0 0 0 0 0 0 0 0 0
116 11830 103 103 0 0 0 0 0 0 0 0 0 0 0 0 0
117 11826 105 105 0 0 0 0 0 0 0 0 0 0 0 0 0
118 11826 105 105 0 0 0 0 0 0 0 0 0 0 0 0 0
119 11826 105 105 0 0 0 0 0 0 0 0 0 0 0 0 0
120 11826 105 105 0 0 0 0 0 0 0 0 0 0 0 0 0
121 11828 104 104 0 0 0 0 0 0 0 0 0 0 0 0 0
122 11826 105 105 0 0 0 0 0 0 0 0 0 0 0 0 0
123 11824 106 106 0 0 0 0 0 0 0 0 0 0 0 0 0
124 11824 106 106 0 0 0 0 0 0 0 0 0 0 0 0 0
125 11818 109 109 0 0 0 0 0 0 0 0 0 0 0 0 0
126 11822 107 107 0 0 0 0 0 0 0 0 0 0 0 0 0
127 11824 106 106 0 0 0 0 0 0 0 0 0 0 0 0 0
128 11822 107 107 0 0 0 0 0 0 0 0 0 0 0 0 0
129 11818 109 109 0 0 0 0 0 0 0 0 0 0 0 0 0
130 11816 110 110 0 0 0 0 0 0 0 0 0 0 0 0 0
131 11814 111 111 0 0 0 0 0 0 0 0 0 0 0 0 0
132 11810 113 113 0 0 0 0 0 0 0 0 0 0 0 0 0
133 11806 115 115 0 0 0 0 0 0 0 0 0 0 0 0 0
134 11804 116 116 0 0 0 0 0 0 0 0 0 0 0 0 0
135 11810 113 113 0 0 0 0 0 0 0 0 0 0 0 0 0
136 11808 114 114 0 0 0 0 0 0 0 0 0 0 0 0 0
137 11808 114 114 0 0 0 0 0 0 0 0 0 0 0 0 0
138 11808 114 114 0 0 0 0 0 0 0 0 0 0 0 0 0
139 11804 116 116 0 0 0 0 0 0 0 0 0 0 0 0 0
140 11804 116 116 0 0 0 0 0 0 0 0 0 0 0 0 0
141 11802 117 117 0 0 0 0 0 0 0 0 0 0 0 0 0
142 11798 119 119 0 0 0 0 0 0 0 0 0 0 0 0 0
143 11800 118 118 0 0 0 0 0 0 0 0 0 0 0 0 0
144 11792 122 122 0 0 0 0 0 0 0 0 0 0 0 0 0
145 11792 122 122 0 0 0 0 0 0 0 0 0 0 0 0 0
146 11784 126 126 0 0 0 0 0 0 0 0 0 0 0 0 0
147 11784 126 126 0 0 0 0 0 0 0 0 0 0 0 0 0
148 11778 129 129 0 0 0 0 0 0 0 0 0 0 0 0 0
149 11770 133 133 0 0 0 0 0 0 0 0 0 0 0 0 0
150 11762 137 137 0 0 0 0 0 0 0 0 0 0 0 0 0
151 11760 138 138 0 0 0 0 0 0 0 0 0 0 0 0 0
152 11758 139 139 0 0 0 0 0 0 0 0 0 0 0 0 0
153 11758 139 139 0 0 0 0 0 0 0 0 0 0 0 0 0
154 11760 138 138 0 0 0 0 0 0 0 0 0 0 0 0 0
155 11752 142 142 0 0 0 0 0 0 0 0 0 0 0 0 0
156 11750 143 143 0 0 0 0 0 0 0 0 0 0 0 0 0
157 11736 150 150 0 0 0 0 0 0 0 0 0 0 0 0 0
158 11728 154 154 0 0 0 0 0 0 0 0 0 0 0 0 0
159 11724 156 156 0 0 0 0 0 0 0 0 0 0 0 0 0
160 11716 160 160 0 0 0 0 0 0 0 0 0 0 0 0 0
161 11710 163 163 0 0 0 0 0 0 0 0 0 0 0 0 0
162 11708 164 164 0 0 0 0 0 0 0 0 0 0 0 0 0
163 11708 163 163 2 0 0 0 0 0 0 0 0 0 0 0 0
164 11710 162 162 2 0 0 0 0 0 0 0 0 0 0 0 0
165 11706 164 164 2 0 0 0 0 0 0 0 0 0 0 0 0
166 11698 168 168 2 0 0 0 0 0 0 0 0 0 0 0 0
167 11692 171 171 2 0 0 0 0 0 0 0 0 0 0 0 0
168 11688 173 173 2 0 0 0 0 0 0 0 0 0 0 0 0
169 11678 178 178 2 0 0 0 0 0 0 0 0 0 0 0 0
170 11672 181 181 2 0 0 0 0 0 0 0 0 0 0 0 0
171 11668 183 183 2 0 0 0 0 0 0 0 0 0 0 0 0
172 11662 186 186 2 0 0 0 0 0 0 0 0 0 0 0 0
173 11654 190 190 2 0 0 0 0 0 0 0 0 0 0 0 0
174 11646 194 194 2 0 0 0 0 0 0 0 0 0 0 0 0
175 11632 201 201 2 0 0 0 0 0 0 0 0 0 0 0 0
176 11624 205 205 2 0 0 0 0 0 0 0 0 0 0 0 0
177 11612 211 211 2 0 0 0 0 0 0 0 0 0 0 0 0
178 11598 218 218 2 0 0 0 0 0 0 0 0 0 0 0 0
179 11580 227 227 2 0 0 0 0 0 0 0 0 0 0 0 0
180 11568 233 233 2 0 0 0 0 0 0 0 0 0 0 0 0
181 11564 234 234 4 0 0 0 0 0 0 0 0 0 0 0 0
182 11552 239 239 6 0 0 0 0 0 0 0 0 0 0 0 0
183 11544 243 243 6 0 0 0 0 0 0 0 0 0 0 0 0
184 11522 254 254 6 0 0 0 0 0 0 0 0 0 0 0 0
185 11518 256 256 6 0 0 0 0 0 0 0 0 0 0 0 0
186 11512 258 258 8 0 0 0 0 0 0 0 0 0 0 0 0
187 11502 263 263 6 0 0 0 1 0 0 0 1 0 0 0 0
188 11488 269 269 8 0 0 0 1 0 0 0 1 0 0 0 0
189 11472 277 277 8 0 0 0 1 0 0 0 1 0 0 0 0
190 11462 282 282 8 0 0 0 1 0 0 0 1 0 0 0 0
191 11454 286 286 8 0 0 0 1 0 0 0 1 0 0 0 0
192 11436 295 295 8 0 0 0 1 0 0 0 1 0 0 0 0
193 11428 298 298 10 0 0 0 1 0 0 0 1 0 0 0 0
194 11416 305 305 8 0 0 0 1 0 0 0 1 0 0 0 0
195 11398 313 313 10 0 0 0 1 0 0 0 1 0 0 0 0
196 11386 319 319 10 0 0 0 1 0 0 0 1 0 0 0 0
197 11380 322 322 10 0 0 0 1 0 0 0 1 0 0 0 0
198 11370 327 327 10 0 0 0 1 0 0 0 1 0 0 0 0
199 11364 330 330 10 0 0 0 1 0 0 0 1 0 0 0 0
200 11344 340 340 10 0 0 0 1 0 0 0 1 0 0 0 0
201 11326 349 349 10 0 0 0 1 0 0 0 1 0 0 0 0
202 11310 357 357 10 0 0 0 1 0 0 0 1 0 0 0 0
203 11304 359 359 12 0 0 0 1 0 0 0 1 0 0 0 0
204 11298 362 362 12 0 0 0 1 0 0 0 1 0 0 0 0
205 11294 364 364 12 0 0 0 1 0 0 0 1 0 0 0 0
206 11276 373 373 12 0 0 0 1 0 0 0 1 0 0 0 0
207 11274 374 374 12 0 0 0 1 0 0 0 1 0 0 0 0
208 11272 375 375 12 0 0 0 1 0 0 0 1 0 0 0 0
209 11266 378 378 12 0 0 0 1 0 0 0 1 0 0 0 0
210 11258 382 382 12 0 0 0 1 0 0 0 1 0 0 0 0
211 11256 382 382 14 0 0 0 1 0 0 0 1 0 0 0 0
212 11254 382 382 16 0 0 0 1 0 0 0 1 0 0 0 0
213 11250 384 384 16 0 0 0 1 0 0 0 1 0 0 0 0
214 11240 389 389 14 0 0 0 2 0 0 0 2 0 0 0 0
215 11232 392 392 14 0 0 0 3 0 0 0 3 0 0 0 0
216 11228 394 394 14 0 0 0 3 0 0 0 3 0 0 0 0
217 11226 395 395 14 0 0 0 3 0 0 0 3 0 0 0 0
218 11218 399 399 14 0 0 0 3 0 0 0 3 0 0 0 0
219 11218 399 399 14 0 0 0 3 0 0 0 3 0 0 0 0
220 11214 401 401 14 0 0 0 3 0 0 0 3 0 0 0 0
221 11216 400 400 14 0 0 0 3 0 0 0 3 0 0 0 0
222 11204 406 406 14 0 0 0 3 0 0 0 3 0 0 0 0
223 11204 406 406 14 0 0 0 3 0 0 0 3 0 0 0 0
224 11194 411 411 14 0 0 0 3 0 0 0 3 0 0 0 0
225 11192 412 412 14 0 0 0 3 0 0 0 3 0 0 0 0
226 11188 414 414 14 0 0 0 3 0 0 0 3 0 0 0 0
227 11184 416 416 14 0 0 0 3 0 0 0 3 0 0 0 0
228 11176 419 419 16 0 0 0 3 0 0 0 3 0 0 0 0
229 11176 419 419 16 0 0 1 2 0 1 0 2 0 0 0 0
230 11176 420 420 14 0 0 1 2 0 1 0 2 0 0 0 0
231 11172 422 422 14 0 0 1 2 0 1 0 2 0 0 0 0
232 11172 422 422 14 0 0 1 2 0 1 0 2 0 0 0 0
233 11174 421 421 14 0 0 1 2 0 1 0 2 0 0 0 0
234 11164 426 426 14 0 0 1 2 0 1 0 2 0 0 0 0
235 11156 430 430 14 0 0 1 2 0 1 0 2 0 0 0 0
236 11158 429 429 14 0 0 1 2 0 1 0 2 0 0 0 0
237 11148 433 433 16 0 0 1 2 0 1 0 2 0 0 0 0
238 11142 436 436 16 0 0 1 2 0 1 0 2 0 0 0 0
239 11142 436 436 16 0 0 1 2 0 1 0 2 0 0 0 0
240 11134 440 440 16 0 0 1 2 0 1 0 2 0 0 0 0
241 11138 438 438 16 0 0 1 2 0 1 0 2 0 0 0 0
242 11130 442 442 16 0 0 1 2 0 1 0 2 0 0 0 0
243 11128 443 443 16 0 0 1 2 0 1 0 2 0 0 0 0
244 11126 444 444 16 0 0 1 2 0 1 0 2 0 0 0 0
245 11128 443 443 16 0 0 1 2 0 1 0 2 0 0 0 0
246 11128 443 443 16 0 0 1 2 0 1 0 2 0 0 0 0
247 11128 443 443 14 0 0 1 3 0 1 0 3 0 0 0 0
248 11118 448 448 14 0 0 1 3 0 1 0 3 0 0 0 0
249 11116 449 449 14 0 0 1 3 0 1 0 3 0 0 0 0
250 11114 450 450 14 0 0 1 3 0 1 0 3 0 0 0 0
251 11112 451 451 14 0 0 1 3 0 1 0 3 0 0 0 0
252 11114 450 450 14 0 0 1 3 0 1 0 3 0 0 0 0
253 11120 446 446 16 0 0 1 3 0 1 0 3 0 0 0 0
254 11120 446 446 16 0 0 1 3 0 1 0 3 0 0 0 0
255 11116 448 448 16 0 0 1 3 0 1 0 3 0 0 0 0
256 11110 450 450 16 0 0 1 4 0 1 0 4 0 0 0 0
257 11114 446 446 20 0 0 1 4 0 1 0 4 0 0 0 0
258 11102 452 452 20 0 0 1 4 0 1 0 4 0 0 0 0
259 11100 453 453 20 0 0 1 4 0 1 0 4 0 0 0 0
260 11096 456 456 18 0 0 1 4 0 1 0 4 0 0 0 0
261 11096 456 456 18 0 0 1 4 0 1 0 4 0 0 0 0
262 11096 456 456 18 0 0 1 4 0 1 0 4 0 0 0 0
263 11098 455 455 18 0 0 1 4 0 1 0 4 0 0 0 0
264 11096 457 457 16 0 0 1 4 0 1 0 4 0 0 0 0
265 11100 455 455 16 0 0 1 4 0 1 0 4 0 0 0 0
266 11096 457 457 16 0 0 1 4 0 1 0 4 0 0 0 0
267 11106 451 451 18 0 0 2 3 0 2 0 3 0 0 0 0
268 11096 456 456 18 0 0 2 3 0 2 0 3 0 0 0 0
269 11082 463 463 18 0 0 2 3 0 2 0 3 0 0 0 0
270 11080 463 463 20 0 0 2 3 0 2 0 3 0 0 0 0
271 11072 467 467 20 0 0 2 3 0 2 0 3 0 0 0 0
272 11078 464 464 20 0 0 2 3 0 2 0 3 0 0 0 0
273 11080 463 463 18 0 0 2 4 0 2 0 4 0 0 0 0
274 11084 461 461 18 0 0 2 4 0 2 0 4 0 0 0 0
275 11078 465 465 16 0 0 2 4 0 2 0 4 0 0 0 0
276 11074 466 466 18 0 0 2 4 0 2 0 4 0 0 0 0
277 11070 468 468 18 0 0 2 4 0 2 0 4 0 0 0 0
278 11076 465 465 18 0 0 2 4 0 2 0 4 0 0 0 0
279 11076 465 465 18 0 0 2 4 0 2 0 4 0 0 0 0
280 11078 463 463 20 0 0 2 4 0 2 0 4 0 0 0 0
281 11068 468 468 20 0 0 2 4 0 2 0 4 0 0 0 0
282 11062 471 471 20 0 0 2 4 0 2 0 4 0 0 0 0
283 11060 472 472 20 0 0 2 4 0 2 0 4 0 0 0 0
284 11062 470 470 22 0 0 2 4 0 2 0 4 0 0 0 0
285 11068 466 466 24 0 0 2 4 0 2 0 4 0 0 0 0
286 11070 465 465 24 0 0 2 4 0 2 0 4 0 0 0 0
287 11078 461 461 24 0 0 2 4 0 2 0 4 0 0 0 0
288 11072 464 464 24 0 0 2 4 0 2 0 4 0 0 0 0
289 11074 463 463 24 0 0 2 4 0 2 0 4 0 0 0 0
290 11066 467 467 24 0 0 2 4 0 2 0 4 0 0 0 0
291 11068 466 466 24 0 0 2 4 0 2 0 4 0 0 0 0
292 11066 467 467 24 0 0 2 4 0 2 0 4 0 0 0 0
293 11064 469 469 22 0 0 2 4 0 2 0 4 0 0 0 0
294 11066 468 468 22 0 0 2 4 0 2 0 4 0 0 0 0
295 11062 470 470 22 0 0 2 4 0 2 0 4 0 0 0 0
296 11062 470 470 22 0 0 2 4 0 2 0 4 0 0 0 0
297 11058 472 472 22 0 0 2 4 0 2 0 4 0 0 0 0
298 11048 477 477 22 0 0 2 3 0 2 0 3 0 0 0 2
299 11044 479 479 22 0 0 2 3 0 2 0 3 0 0 0 2
300 11038 483 483 20 0 0 2 3 0 2 0 3 0 0 0 2
301 11038 483 483 20 0 0 2 3 0 2 0 3 0 0 0 2
302 11040 482 482 20 0 0 2 3 0 2 0 3 0 0 0 2
303 11036 484 484 20 0 0 2 3 0 2 0 3 0 0 0 2
304 11042 481 481 20 0 0 2 3 0 2 0 3 0 0 0 2
305 11046 480 480 18 0 0 2 3 0 2 0 3 0 0 0 2
306 11038 484 484 18 0 0 2 3 0 2 0 3 0 0 0 2
307 11038 484 484 18 0 0 2 3 0 2 0 3 0 0 0 2
308 11040 483 483 18 0 0 2 3 0 2 0 3 0 0 0 2
309 11036 485 485 18 0 0 2 3 0 2 0 3 0 0 0 2
310 11034 486 486 18 0 0 2 3 0 2 0 3 0 0 0 2
311 11040 483 483 18 0 0 2 3 0 2 0 3 0 0 0 2
312 11040 483 483 18 0 0 2 3 0 2 0 3 0 0 0 2
313 11038 484 484 18 0 0 2 3 0 2 0 3 0 0 0 2
314 11034 486 486 18 0 0 2 3 0 2 0 3 0 0 0 2
315 11030 487 487 20 0 0 2 3 0 2 0 3 0 0 0 2
316 11028 488 488 20 0 0 2 3 0 2 0 3 0 0 0 2
317 11032 486 486 20 0 0 2 3 0 2 0 3 0 0 0 2
318 11034 485 485 20 0 0 2 3 0 2 0 3 0 0 0 2
319 11040 482 482 20 0 0 2 3 0 2 0 3 0 0 0 2
320 11032 485 485 22 0 0 2 3 0 2 0 3 0 0 0 2
321 11030 486 486 22 0 0 2 3 0 2 0 3 0 0 0 2
322 11042 480 480 22 0 0 2 3 0 2 0 3 0 0 0 2
323 11036 483 483 22 0 0 2 3 0 2 0 3 0 0 0 2
324 11034 484 484 22 0 0 2 3 0 2 0 3 0 0 0 2
325 11028 487 487 22 0 0 2 3 0 2 0 3 0 0 0 2
326 11032 485 485 22 0 0 2 3 0 2 0 3 0 0 0 2
327 11036 483 483 22 0 0 4 1 0 4 0 1 0 0 0 2
328 11034 484 484 22 0 0 4 1 0 4 0 1 0 0 0 2
329 11034 484 484 22 0 0 4 1 0 4 0 1 0 0 0 2
330 11048 478 478 20 0 0 4 1 0 4 0 1 0 0 0 2
331 11050 478 478 18 0 0 4 1 0 4 0 1 0 0 0 2
332 11060 473 473 18 0 0 4 1 0 4 0 1 0 0 0 2
333 11056 476 476 16 0 0 4 1 0 4 0 1 0 0 0 2
334 11054 477 477 16 0 0 4 1 0 4 0 1 0 0 0 2
335 11054 477 477 16 0 0 4 1 0 4 0 1 0 0 0 2
336 11044 482 482 16 0 0 4 1 0 4 0 1 0 0 0 2
337 11046 482 482 14 0 0 4 1 0 4 0 1 0 0 0 2
338 11046 482 482 14 0 0 4 1 0 4 0 1 0 0 0 2
339 11042 484 484 14 0 0 5 0 0 5 0 0 0 0 0 2
340 11042 484 484 14 0 0 5 0 0 5 0 0 0 0 0 2
341 11042 485 485 12 0 0 5 0 0 5 0 0 0 0 0 2
342 11042 485 485 10 0 0 5 1 0 5 0 1 0 0 0 2
343 11038 487 487 10 0 0 5 1 0 5 0 1 0 0 0 2
344 11036 488 488 10 0 0 5 1 0 5 0 1 0 0 0 2
345 11024 494 494 10 0 0 5 1 0 5 0 1 0 0 0 2
346 11026 492 492 12 0 0 5 1 0 5 0 1 0 0 0 2
347 11016 497 497 12 0 0 5 1 0 5 0 1 0 0 0 2
348 11004 503 503 12 0 0 5 1 0 5 0 1 0 0 0 2
349 11008 500 500 14 0 0 5 1 0 5 0 1 0 0 0 2
350 10992 508 508 14 0 0 5 1 0 5 0 1 0 0 0 2
351 10984 512 512 14 0 0 5 1 0 5 0 1 0 0 0 2
352 10972 518 518 14 0 0 5 1 0 5 0 1 0 0 0 2
353 10968 521 521 10 0 0 5 2 0 5 0 2 0 0 0 2
354 10966 522 522 10 0 0 5 2 0 5 0 2 0 0 0 2
355 10946 532 532 10 0 0 5 2 0 5 0 2 0 0 0 2
356 10932 538 538 12 0 0 5 2 0 5 0 2 0 0 0 2
357 10934 537 537 12 0 0 5 2 0 5 0 2 0 0 0 2
358 10914 546 546 14 0 0 5 2 0 5 0 2 0 0 0 2
359 10906 550 550 14 0 0 5 2 0 5 0 2 0 0 0 2
360 10906 550 550 14 0 0 5 2 0 5 0 2 0 0 0 2
361 10892 557 557 14 0 0 5 2 0 5 0 2 0 0 0 2
362 10886 561 561 12 0 0 5 2 0 5 0 2 0 0 0 2
363 10882 561 561 16 0 0 5 2 0 5 0 2 0 0 0 2
364 10876 564 564 16 0 0 5 2 0 5 0 2 0 0 0 2
365 10858 573 573 16 0 0 5 2 0 5 0 2 0 0 0 2
366 10840 581 581 18 0 0 5 2 0 5 0 2 0 0 0 2
367 10838 582 582 18 0 0 5 2 0 5 0 2 0 0 0 2
368 10814 594 594 18 0 0 5 2 0 5 0 2 0 0 0 2
369 10800 600 600 20 0 0 5 2 0 5 0 2 0 0 0 2
370 10770 615 615 20 0 0 5 2 0 5 0 2 0 0 0 2
371 10760 619 619 22 0 0 5 2 0 5 0 2 0 0 0 2
372 10748 624 624 24 0 0 5 2 0 5 0 2 0 0 0 2
373 10724 636 636 24 0 0 5 2 0 5 0 2 0 0 0 2
374 10700 648 648 24 0 0 5 2 0 5 0 2 0 0 0 2
375 10680 658 658 24 0 0 5 2 0 5 0 2 0 0 0 2
376 10662 666 666 26 0 0 5 2 0 5 0 2 0 0 0 2
377 10650 672 672 26 0 0 5 2 0 5 0 2 0 0 0 2
378 10636 678 678 28 0 0 4 3 0 4 0 3 0 0 0 2
379 10624 684 684 28 0 0 4 3 0 4 0 3 0 0 0 2
380 10616 688 688 28 0 0 4 3 0 4 0 3 0 0 0 2
381 10596 697 697 30 0 0 4 3 0 4 0 3 0 0 0 2
382 10584 702 702 32 0 0 4 3 0 4 0 3 0 0 0 2
383 10588 700 700 32 0 0 4 3 0 4 0 3 0 0 0 2
384 10570 709 709 32 0 0 4 3 0 4 0 3 0 0 0 2
385 10568 710 710 32 0 0 4 3 0 4 0 3 0 0 0 2
386 10550 719 719 32 0 0 4 3 0 4 0 3 0 0 0 2
387 10550 719 719 30 0 0 4 4 0 4 0 4 0 0 0 2
388 10546 720 720 32 0 0 4 4 0 4 0 4 0 0 0 2
389 10540 723 723 32 0 0 4 4 0 4 0 4 0 0 0 2
390 10522 732 732 30 0 0 4 5 0 4 0 5 0 0 0 2
391 10506 740 740 30 0 0 4 5 0 4 0 5 0 0 0 2
392 10494 746 746 30 0 0 4 5 0 4 0 5 0 0 0 2
393 10498 743 743 30 0 0 4 6 0 4 0 6 0 0 0 2
394 10484 750 750 30 0 0 4 6 0 4 0 6 0 0 0 2
395 10484 749 749 32 0 0 4 6 0 4 0 6 0 0 0 2
396 10474 754 754 32 0 0 4 6 0 4 0 6 0 0 0 2
397 10460 760 760 34 0 0 4 6 0 4 0 6 0 0 0 2
398 10456 762 762 34 0 0 4 6 0 4 0 6 0 0 0 2
399 10448 765 765 36 0 0 4 6 0 4 0 6 0 0 0 2
400 10446 766 766 34 0 0 4 7 0 4 0 7 0 0 0 2
401 10438 770 770 34 0 0 4 7 0 4 0 7 0 0 0 2
402 10444 769 769 30 0 0 4 7 0 4 0 7 0 0 0 2
403 10442 769 769 32 0 0 4 7 0 4 0 7 0 0 0 2
404 10430 777 777 28 0 0 4 7 0 4 0 7 0 0 0 2
405 10420 782 782 28 0 0 4 7 0 4 0 7 0 0 0 2
406 10438 772 772 30 0 0 4 7 0 4 0 7 0 0 0 2
407 10430 776 776 30 0 0 4 7 0 4 0 7 0 0 0 2
408 10420 779 779 34 0 0 4 7 0 4 0 7 0 0 0 2
409 10414 783 783 32 0 0 4 7 0 4 0 7 0 0 0 2
410 10404 789 789 30 0 0 4 6 0 4 0 6 0 0 0 4
411 10396 794 794 28 0 0 4 6 0 4 0 6 0 0 0 4
412 10394 794 794 28 0 0 4 7 0 4 0 7 0 0 0 4
413 10386 796 796 32 0 0 4 7 0 4 0 7 0 0 0 4
414 10372 802 802 34 0 0 4 7 0 4 0 7 0 0 0 4
415 10364 805 805 34 0 0 4 8 0 4 0 8 0 0 0 4
416 10356 808 808 36 0 0 4 8 0 4 0 8 0 0 0 4
417 10360 806 806 36 0 0 5 7 0 5 0 7 0 0 0 4
418 10346 812 812 38 0 0 5 7 0 5 0 7 0 0 0 4
419 10336 817 817 36 0 0 5 8 0 5 0 8 0 0 0 4
420 10338 816 816 36 0 0 5 8 0 5 0 8 0 0 0 4
421 10338 816 816 36 0 0 6 7 0 6 0 7 0 0 0 4
422 10336 817 817 36 0 0 6 7 0 6 0 7 0 0 0 4
423 10342 814 814 36 0 0 6 7 0 6 0 7 0 0 0 4
424 10326 823 823 34 0 0 6 7 0 6 0 7 0 0 0 4
425 10332 819 819 36 0 0 6 7 0 6 0 7 0 0 0 4
426 10328 821 821 36 0 0 6 6 0 6 0 6 0 0 0 6
427 10334 818 818 36 0 0 6 6 0 6 0 6 0 0 0 6
428 10332 820 820 34 0 0 6 6 0 6 0 6 0 0 0 6
429 10326 822 822 36 0 0 6 6 0 6 0 6 0 0 0 6
430 10334 818 818 36 0 0 6 6 0 6 0 6 0 0 0 6
431 10338 816 816 36 0 0 6 6 0 6 0 6 0 0 0 6
432 10338 814 814 40 0 0 6 6 0 6 0 6 0 0 0 6
433 10342 813 813 38 0 0 6 6 0 6 0 6 0 0 0 6
434 10328 819 819 40 0 0 7 5 0 7 0 5 0 0 0 6
435 10318 823 823 40 0 0 7 6 0 7 0 6 0 0 0 6
436 10310 826 826 42 0 0 7 6 0 7 0 6 0 0 0 6
437 10306 826 826 46 0 0 7 6 0 7 0 6 0 0 0 6
438 10306 826 826 46 0 0 7 6 0 7 0 6 0 0 0 6
439 10308 825 825 46 0 0 7 6 0 7 0 6 0 0 0 6
440 10316 822 822 44 0 0 7 6 0 7 0 6 0 0 0 6
441 10324 818 818 44 0 0 7 6 0 7 0 6 0 0 0 6
442 10326 817 817 44 0 0 7 6 0 7 0 6 0 0 0 6
443 10336 813 813 42 0 0 7 6 0 7 0 6 0 0 0 6
444 10344 810 810 40 0 0 7 6 0 7 0 6 0 0 0 6
445 10352 805 805 42 0 0 7 6 0 7 0 6 0 0 0 6
446 10350 806 806 42 0 0 7 6 0 7 0 6 0 0 0 6
447 10352 805 805 42 0 0 7 6 0 7 0 6 0 0 0 6
448 10338 811 811 44 0 0 7 6 0 7 0 6 0 0 0 6
449 10338 812 812 42 0 0 7 6 0 7 0 6 0 0 0 6
450 10338 812 812 42 0 0 7 6 0 7 0 6 0 0 0 6
451 10332 814 814 44 0 0 7 6 0 7 0 6 0 0 0 6
452 10332 814 814 44 0 0 7 6 0 7 0 6 0 0 0 6
453 10320 820 820 44 0 0 7 6 0 7 0 6 0 0 0 6
454 10310 825 825 44 0 0 7 6 0 7 0 6 0 0 0 6
455 10308 827 827 42 0 0 7 6 0 7 0 6 0 0 0 6
456 10314 824 824 42 0 0 7 6 0 7 0 6 0 0 0 6
457 10324 819 819 42 0 0 7 6 0 7 0 6 0 0 0 6
458 10326 818 818 42 0 0 7 6 0 7 0 6 0 0 0 6
459 10312 824 824 44 0 0 7 6 0 7 0 6 0 0 0 6
460 10314 822 822 46 0 0 7 6 0 7 0 6 0 0 0 6
461 10320 819 819 46 0 0 7 6 0 7 0 6 0 0 0 6
462 10318 819 819 48 0 0 7 6 0 7 0 6 0 0 0 6
463 10314 821 821 46 0 0 7 7 0 7 0 7 0 0 0 6
464 10312 821 821 48 0 0 7 7 0 7 0 7 0 0 0 6
465 10298 828 828 48 0 0 7 7 0 7 0 7 0 0 0 6
466 10288 833 833 48 0 0 7 7 0 7 0 7 0 0 0 6
467 10290 830 830 52 0 0 7 7 0 7 0 7 0 0 0 6
468 10288 831 831 52 0 0 7 7 0 7 0 7 0 0 0 6
469 10282 833 833 54 0 0 7 7 0 7 0 7 0 0 0 6
470 10280 834 834 54 0 0 7 7 0 7 0 7 0 0 0 6
471 10290 830 830 52 0 0 7 7 0 7 0 7 0 0 0 6
472 10294 829 829 50 0 0 7 7 0 7 0 7 0 0 0 6
473 10294 829 829 50 0 0 7 7 0 7 0 7 0 0 0 6
474 10302 824 824 52 0 0 7 7 0 7 0 7 0 0 0 6
475 10302 825 825 50 0 0 7 7 0 7 0 7 0 0 0 6
476 10300 826 826 50 0 0 7 7 0 7 0 7 0 0 0 6
477 10310 821 821 50 0 0 7 7 0 7 0 7 0 0 0 6
478 10308 823 823 48 0 0 7 7 0 7 0 7 0 0 0 6
479 10304 823 823 52 0 0 7 7 0 7 0 7 0 0 0 6
480 10300 825 825 52 0 0 7 7 0 7 0 7 0 0 0 6
481 10298 826 826 52 0 0 7 7 0 7 0 7 0 0 0 6
482 10306 822 822 52 0 0 7 7 0 7 0 7 0 0 0 6
483 10312 818 818 54 0 0 7 7 0 7 0 7 0 0 0 6
484 10306 821 821 54 0 0 7 7 0 7 0 7 0 0 0 6
485 10298 825 825 54 0 0 8 6 0 8 0 6 0 0 0 6
486 10294 827 827 54 0 0 8 6 0 8 0 6 0 0 0 6
487 10302 823 823 54 0 0 9 5 0 9 0 5 0 0 0 6
488 10300 824 824 54 0 0 9 5 0 9 0 5 0 0 0 6
489 10298 825 825 54 0 0 9 5 0 9 0 5 0 0 0 6
490 10308 822 822 50 0 0 9 5 0 9 0 5 0 0 0 6
491 10306 823 823 50 0 0 9 5 0 9 0 5 0 0 0 6
492 10304 824 824 50 0 0 9 5 0 9 0 5 0 0 0 6
493 10294 831 831 46 0 0 9 5 0 9 0 5 0 0 0 6
494 10292 833 833 44 0 0 9 5 0 9 0 5 0 0 0 6
495 10292 831 831 48 0 0 9 4 0 9 0 4 0 0 0 8
496 10278 838 838 48 0 0 9 4 0 9 0 4 0 0 0 8
497 10280 838 838 46 0 0 9 4 0 9 0 4 0 0 0 8
498 10276 841 841 44 0 0 9 4 0 9 0 4 0 0 0 8
499 10276 841 841 44 0 0 9 4 0 9 0 4 0 0 0 8
500 10280 839 839 44 0 0 9 4 0 9 0 4 0 0 0 8
501 10284 836 836 46 0 0 9 4 0 9 0 4 0 0 0 8
502 10290 833 833 46 0 0 9 4 0 9 0 4 0 0 0 8
503 10286 836 836 44 0 0 9 4 0 9 0 4 0 0 0 8
504 10296 831 831 44 0 0 9 4 0 9 0 4 0 0 0 8
505 10296 830 830 46 0 0 9 4 0 9 0 4 0 0 0 8
506 10292 832 832 46 0 0 9 4 0 9 0 4 0 0 0 8
507 10302 827 827 46 0 0 9 4 0 9 0 4 0 0 0 8
508 10296 830 830 46 0 0 9 4 0 9 0 4 0 0 0 8
509 10302 829 829 42 0 0 9 4 0 9 0 4 0 0 0 8
510 10304 827 827 44 0 0 9 4 0 9 0 4 0 0 0 8
511 10296 831 831 44 0 0 9 4 0 9 0 4 0 0 0 8
512 10294 832 832 44 0 0 9 4 0 9 0 4 0 0 0 8
513 10296 831 831 44 0 0 9 4 0 9 0 4 0 0 0 8
514 10298 830 830 44 0 0 9 4 0 9 0 4 0 0 0 8
515 10300 829 829 44 0 0 9 4 0 9 0 4 0 0 0 8
516 10306 826 826 44 0 0 9 4 0 9 0 4 0 0 0 8
517 10300 829 829 44 0 0 9 4 0 9 0 4 0 0 0 8
518 10298 829 829 46 0 0 8 5 0 8 0 5 0 0 0 8
519 10280 837 837 48 0 0 8 5 0 8 0 5 0 0 0 8
520 10286 834 834 48 0 0 8 5 0 8 0 5 0 0 0 8
521 10280 837 837 48 0 0 8 5 0 8 0 5 0 0 0 8
522 10286 834 834 48 0 0 8 5 0 8 0 5 0 0 0 8
523 10276 839 839 48 0 0 8 5 0 8 0 5 0 0 0 8
524 10290 832 832 48 0 0 8 4 0 8 0 4 0 0 0 10
525 10294 830 830 48 0 0 8 4 0 8 0 4 0 0 0 10
526 10294 830 830 48 0 0 8 4 0 8 0 4 0 0 0 10
527 10290 832 832 48 0 0 8 4 0 8 0 4 0 0 0 10
528 10280 837 837 48 0 0 8 4 0 8 0 4 0 0 0 10
529 10288 833 833 48 0 0 8 4 0 8 0 4 0 0 0 10
530 10282 836 836 48 0 0 8 4 0 8 0 4 0 0 0 10
531 10286 833 833 50 0 0 8 4 0 8 0 4 0 0 0 10
532 10294 829 829 50 0 0 8 4 0 8 0 4 0 0 0 10
533 10294 829 829 50 0 0 8 4 0 8 0 4 0 0 0 10
534 10290 832 832 48 0 0 8 4 0 8 0 4 0 0 0 10
535 10284 835 835 48 0 0 8 4 0 8 0 4 0 0 0 10
536 10288 833 833 48 0 0 8 4 0 8 0 4 0 0 0 10
537 10288 833 833 48 0 0 8 4 0 8 0 4 0 0 0 10
538 10300 827 827 48 0 0 8 4 0 8 0 4 0 0 0 10
539 10298 828 828 48 0 0 7 5 0 7 0 5 0 0 0 10
540 10300 826 826 50 0 0 7 5 0 7 0 5 0 0 0 10
541 10302 826 826 48 0 0 7 5 0 7 0 5 0 0 0 10
542 10308 823 823 48 0 0 7 5 0 7 0 5 0 0 0 10
543 10308 823 823 48 0 0 7 5 0 7 0 5 0 0 0 10
544 10308 823 823 48 0 0 7 5 0 7 0 5 0 0 0 10
545 10312 819 819 52 0 0 7 5 0 7 0 5 0 0 0 10
546 10306 821 821 54 0 0 7 5 0 7 0 5 0 0 0 10
547 10302 823 823 52 0 0 7 6 0 7 0 6 0 0 0 10
548 10298 825 825 52 0 0 7 6 0 7 0 6 0 0 0 10
549 10302 823 823 52 0 0 7 6 0 7 0 6 0 0 0 10
550 10294 827 827 52 0 0 7 6 0 7 0 6 0 0 0 10
551 10302 823 823 52 0 0 7 6 0 7 0 6 0 0 0 10
552 10290 828 828 54 0 0 7 6 0 7 0 6 0 0 0 10
553 10290 828 828 52 0 0 8 6 0 8 0 6 0 0 0 10
554 10284 831 831 52 0 0 8 6 0 8 0 6 0 0 0 10
555 10278 834 834 50 0 0 8 7 0 8 0 7 0 0 0 10
556 10268 838 838 50 0 0 8 8 0 8 0 8 0 0 0 10
557 10262 840 840 50 0 0 8 9 0 8 0 9 0 0 0 10
558 10260 841 841 50 0 0 8 9 0 8 0 9 0 0 0 10
559 10256 842 842 52 0 0 8 9 0 8 0 9 0 0 0 10
560 10238 851 851 52 0 0 8 9 0 8 0 9 0 0 0 10
561 10224 859 859 50 0 0 8 9 0 8 0 9 0 0 0 10
562 10226 857 857 52 0 0 8 9 0 8 0 9 0 0 0 10
563 10220 859 859 54 0 0 9 8 0 9 0 8 0 0 0 10
564 10204 865 865 54 0 0 9 10 0 9 0 10 0 0 0 10
565 10200 866 866 56 0 0 9 10 0 9 0 10 0 0 0 10
566 10202 865 865 54 0 0 9 11 0 9 0 11 0 0 0 10
567 10198 867 867 54 0 0 10 10 0 10 0 10 0 0 0 10
568 10194 868 868 56 0 0 10 10 0 10 0 10 0 0 0 10
569 10190 870 870 56 0 0 10 10 0 10 0 10 0 0 0 10
570 10164 883 883 54 0 0 10 11 0 10 0 11 0 0 0 10
571 10166 881 881 56 0 0 10 10 0 10 0 10 0 0 0 12
572 10160 883 883 58 0 0 10 10 0 10 0 10 0 0 0 12
573 10158 883 883 60 0 0 10 10 0 10 0 10 0 0 0 12
574 10146 887 887 64 0 0 10 10 0 10 0 10 0 0 0 12
575 10146 884 884 70 0 0 11 9 0 11 0 9 0 0 0 12
576 10134 890 890 70 0 0 11 9 0 11 0 9 0 0 0 12
577 10122 896 896 68 0 0 11 10 0 11 0 10 0 0 0 12
578 10100 907 907 66 0 0 11 11 0 11 0 11 0 0 0 12
579 10082 913 913 70 0 0 11 12 0 11 0 12 0 0 0 12
580 10068 919 919 72 0 0 11 12 0 11 0 12 0 0 0 12
581 10062 922 922 72 0 0 11 12 0 11 0 12 0 0 0 12
582 10060 923 923 72 0 0 11 12 0 11 0 12 0 0 0 12
583 10050 928 928 72 0 0 11 12 0 11 0 12 0 0 0 12
584 10038 934 934 72 0 0 11 12 0 11 0 12 0 0 0 12
585 10020 944 944 70 0 0 11 12 0 11 0 12 0 0 0 12
586 10006 951 951 70 0 0 11 12 0 11 0 12 0 0 0 12
587 10006 951 951 70 0 0 11 12 0 11 0 12 0 0 0 12
588 9994 959 959 66 0 0 11 12 0 11 0 12 0 0 0 12
589 9976 966 966 68 0 0 11 13 0 11 0 13 0 0 0 12
590 9970 968 968 70 0 0 12 12 0 12 0 12 0 0 0 12
591 9956 975 975 70 0 0 12 12 0 12 0 12 0 0 0 12
592 9944 981 981 70 0 0 12 12 0 12 0 12 0 0 0 12
593 9940 983 983 66 0 0 13 13 0 13 0 13 0 0 0 12
594 9928 988 988 68 0 0 13 13 0 13 0 13 0 0 0 12
595 9910 996 996 68 0 0 13 14 0 13 0 14 0 0 0 12
596 9902 1000 1000 66 0 0 13 15 0 13 0 15 0 0 0 12
597 9906 998 998 64 0 0 13 16 0 13 0 16 0 0 0 12
598 9894 1003 1003 66 0 0 13 16 0 13 0 16 0 0 0 12
599 9886 1007 1007 66 0 0 13 16 0 13 0 16 0 0 0 12
600 9882 1007 1007 70 0 0 13 16 0 13 0 16 0 0 0 12
601 9870 1014 1014 68 0 0 13 16 0 13 0 16 0 0 0 12
602 9860 1019 1019 68 0 0 13 16 0 13 0 16 0 0 0 12
603 9860 1019 1019 68 0 0 13 16 0 13 0 16 0 0 0 12
604 9848 1024 1024 70 0 0 13 16 0 13 0 16 0 0 0 12
605 9840 1028 1028 70 0 0 13 15 0 13 0 15 0 0 0 14
606 9824 1033 1033 76 0 0 13 15 0 13 0 15 0 0 0 14
607 9814 1038 1038 74 0 0 13 16 0 13 0 16 0 0 0 14
608 9814 1036 1036 78 0 0 13 16 0 13 0 16 0 0 0 14
609 9826 1029 1029 80 0 0 13 16 0 13 0 16 0 0 0 14
610 9818 1033 1033 80 0 0 13 16 0 13 0 16 0 0 0 14
611 9808 1037 1037 80 0 0 13 16 0 13 0 16 0 0 0 16
612 9792 1044 1044 82 0 0 13 16 0 13 0 16 0 0 0 16
613 9792 1045 1045 80 0 0 13 16 0 13 0 16 0 0 0 16
614 9790 1046 1046 78 0 0 13 17 0 13 0 17 0 0 0 16
615 9780 1052 1052 74 0 0 13 18 0 13 0 18 0 0 0 16
616 9774 1055 1055 74 0 0 15 16 0 15 0 16 0 0 0 16
617 9774 1055 1055 74 0 0 15 15 0 15 0 15 0 0 0 18
618 9760 1061 1061 76 0 0 15 15 0 15 0 15 0 0 0 18
619 9764 1058 1058 78 0 0 15 15 0 15 0 15 0 0 0 18
620 9764 1059 1059 76 0 0 15 15 0 15 0 15 0 0 0 18
621 9762 1059 1059 76 0 0 15 16 0 15 0 16 0 0 0 18
622 9752 1065 1065 74 0 0 16 15 0 16 0 15 0 0 0 18
623 9742 1071 1071 72 0 0 16 15 0 16 0 15 0 0 0 18
624 9732 1075 1075 74 0 0 16 15 0 16 0 15 0 0 0 18
625 9726 1076 1076 78 0 0 16 15 0 16 0 15 0 0 0 18
626 9728 1074 1074 80 0 0 16 15 0 16 0 15 0 0 0 18
627 9728 1074 1074 78 0 0 16 15 0 16 0 15 0 0 0 20
628 9716 1080 1080 78 0 0 16 15 0 16 0 15 0 0 0 20
629 9722 1076 1076 80 0 0 16 15 0 16 0 15 0 0 0 20
630 9722 1077 1077 76 0 0 16 16 0 16 0 16 0 0 0 20
631 9714 1081 1081 76 0 0 16 16 0 16 0 16 0 0 0 20
632 9694 1093 1093 70 0 0 16 17 0 16 0 17 0 0 0 20
633 9698 1091 1091 70 0 0 16 17 0 16 0 17 0 0 0 20
634 9690 1095 1095 70 0 0 16 17 0 16 0 17 0 0 0 20
635 9694 1093 1093 70 0 0 16 17 0 16 0 17 0 0 0 20
636 9690 1096 1096 68 0 0 16 17 0 16 0 17 0 0 0 20
637 9690 1095 1095 70 0 0 16 17 0 16 0 17 0 0 0 20
638 9680 1099 1099 72 0 0 16 17 0 16 0 17 0 0 0 20
639 9670 1104 1104 72 0 0 16 16 0 16 0 16 0 0 0 22
640 9674 1102 1102 72 0 0 16 16 0 16 0 16 0 0 0 22
641 9686 1095 1095 72 0 0 16 17 0 16 0 17 0 0 0 22
642 9696 1089 1089 74 0 0 16 17 0 16 0 17 0 0 0 22
643 9688 1093 1093 74 0 0 17 16 0 17 0 16 0 0 0 22
644 9690 1090 1090 78 0 0 17 16 0 17 0 16 0 0 0 22
645 9692 1090 1090 76 0 0 17 16 0 17 0 16 0 0 0 22
646 9694 1089 1089 76 0 0 17 16 0 17 0 16 0 0 0 22
647 9686 1092 1092 78 0 0 17 16 0 17 0 16 0 0 0 22
648 9676 1096 1096 80 0 0 18 15 0 18 0 15 0 0 0 22
649 9670 1099 1099 80 0 0 18 15 0 18 0 15 0 0 0 22
650 9684 1092 1092 80 0 0 18 15 0 18 0 15 0 0 0 22
651 9674 1097 1097 80 0 0 18 15 0 18 0 15 0 0 0 22
652 9684 1093 1093 78 0 0 18 15 0 18 0 15 0 0 0 22
653 9688 1090 1090 80 0 0 18 15 0 18 0 15 0 0 0 22
654 9672 1098 1098 80 0 0 18 15 0 18 0 15 0 0 0 22
655 9674 1098 1098 78 0 0 17 16 0 17 0 16 0 0 0 22
656 9678 1097 1097 76 0 0 17 16 0 17 0 16 0 0 0 22
657 9680 1096 1096 76 0 0 17 16 0 17 0 16 0 0 0 22
658 9682 1094 1094 78 0 0 17 16 0 17 0 16 0 0 0 22
659 9684 1093 1093 78 0 0 17 16 0 17 0 16 0 0 0 22
660 9676 1095 1095 82 0 0 17 16 0 17 0 16 0 0 0 22
661 9676 1095 1095 82 0 0 19 14 0 19 0 14 0 0 0 22
662 9670 1099 1099 80 0 0 19 14 0 19 0 14 0 0 0 22
663 9666 1100 1100 80 0 0 19 15 0 19 0 15 0 0 0 22
664 9664 1099 1099 84 0 0 19 15 0 19 0 15 0 0 0 22
665 9658 1101 1101 84 0 0 19 16 0 19 0 16 0 0 0 22
